147 148 146 148 147 148 150 152 150 149 151 150 148 147 145 143 142 138 139 136 140 142 140 136 141 143 144 140 139 136
19 17 83 85 16 11 15 12 11 13 29 89 86 85 87 89 86 89 87 85 83 85 81 18 81 17 28 45 66 44
39 33 9 10 5 3 5 1 2 7 2 6 10 13 11 13 28 31 30 41 15 18 77 19 77 75 22 48 47 45
71 73 77 78 73 74 76 24 22 48 25 46 61 51 50 49 48 46 28 68 70 73 76 75 21 76 23 49 62 59
180 177 180 177 180 183 184 181 183 182 184 187 190 189 188 187 184 185 186 185 187 186 183 186 188 189 190 187 185 182
130 132 133 135 134 137 134 135 137 139 143 140 139 140 144 140 144 146 145 143 140 138 140 141 139 144 145 144 146 145
66 46 25 19 76 20 74 20 73 70 40 68 28 66 65 44 66 27 43 69 45 66 63 25 19 79 76 23 47 48
138 139 138 141 142 140 138 140 136 138 137 142 138 135 131 129 133 132 130 129 133 130 131 133 132 130 134 131 135 132
171 173 175 176 173 175 173 170 172 170 167 164 162 164 167 169 171 170 169 170 172 175 176 178 179 178 177 176 173 172
170 173 172 173 170 173 172 174 176 177 175 174 175 176 177 178 175 172 175 174 175 173 176 174 175 178 180 179 182 179
11 16 12 32 8 12 16 18 82 16 19 21 74 75 23 48 60 50 60 47 49 60 59 57 58 55 51 60 52 50
14 16 85 81 85 29 45 68 40 33 71 39 36 73 71 74 37 71 33 36 33 37 74 75 21 22 75 73 20 73
235 236 233 234 229 230 227 222 224 225 224 221 220 221 223 220 215 218 219 216 219 221 218 216 218 217 219 216 215 216
24 18 80 82 79 80 16 18 28 44 42 29 68 29 27 82 27 15 18 80 17 27 16 31 40 41 66 26 45 47
37 32 40 70 40 31 30 85 84 81 80 17 29 11 31 39 18 28 13 42 40 32 31 15 16 82 15 85 86 90
146 144 145 143 142 145 147 145 147 144 140 137 138 136 134 136 140 141 144 139 144 145 148 147 144 140 135 136 137 135
140 135 138 142 137 140 141 144 145 142 139 136 134 133 129 126 125 122 123 125 124 127 125 122 125 128 127 125 127 125
185 182 180 178 177 176 177 179 177 174 171 168 171 170 167 165 163 162 164 167 165 167 168 166 169 166 169 172 175 177
204 206 204 206 205 208 210 213 211 212 211 213 215 218 217 219 222 221 224 222 220 218 219 215 214 216 219 216 218 215
195 192 193 190 189 187 186 189 187 189 187 184 182 180 179 181 183 187 189 186 184 186 187 185 183 187 189 187 185 186
201 203 205 203 200 201 202 203 204 201 199 196 197 195 193 194 196 199 202 204 206 203 205 202 200 203 202 200 201 198
1 4 1 6 4 0 3 2 0 35 39 73 75 38 40 68 45 44 40 68 41 69 68 29 32 8 4 0 5 9
215 212 209 206 204 205 203 206 204 206 208 207 204 202 203 204 201 204 206 208 207 204 201 203 202 201 200 199 197 196
63 25 78 18 30 29 69 43 66 41 40 72 73 72 20 22 20 77 20 21 74 38 33 72 69 39 76 21 22 48
212 215 218 217 219 222 220 223 224 223 221 218 221 219 220 221 220 218 221 224 225 224 225 226 225 226 229 227 224 225
226 227 229 231 228 226 223 220 222 228 225 227 229 230 228 226 229 228 222 219 215 220 216 218 221 222 224 222 227 226
17 46 18 28 14 12 7 9 12 14 17 45 65 63 60 58 52 59 61 46 44 29 44 66 45 42 66 45 17 26
12 29 14 80 81 14 13 84 14 84 15 16 12 32 39 69 45 63 25 26 28 40 68 71 37 39 30 16 27 29
38 76 24 19 77 22 75 18 80 11 16 15 80 27 79 11 81 30 27 44 17 14 28 69 26 63 49 52 53 52
203 204 202 201 203 202 204 207 204 203 204 205 204 203 206 205 208 210 211 212 213 214 212 213 215 213 215 220 217 220
211 209 206 207 205 203 201 198 199 196 194 191 192 189 191 192 189 192 189 186 183 182 180 179 178 180 179 178 180 179
228 222 223 221 220 216 215 214 213 215 218 216 220 219 216 214 215 214 212 209 206 203 200 203 205 207 206 208 207 204
94 93 99 98 99 94 91 93 96 99 102 99 100 95 94 96 99 93 96 98 104 103 104 103 105 98 101 99 100 102
192 190 188 189 188 186 189 186 184 186 189 191 190 191 192 193 195 193 195 198 199 202 205 207 208 210 207 210 207 209
100 97 101 104 102 98 100 95 98 99 102 99 105 108 111 110 107 106 104 102 100 96 99 101 97 98 99 105 102 104
160 158 159 158 155 152 151 150 149 151 152 150 152 151 150 148 145 146 144 140 136 137 140 137 142 141 142 140 139 142
217 216 214 211 213 215 216 220 218 217 220 217 220 216 214 215 213 214 216 215 214 217 215 212 215 216 218 217 220 223
21 78 18 26 64 67 46 18 80 78 79 16 30 13 84 14 17 16 82 80 17 80 78 17 80 78 25 20 22 20
112 115 117 114 113 111 108 105 108 110 112 110 112 115 118 119 120 119 116 115 112 110 109 112 111 109 110 108 107 106
139 136 134 135 134 133 136 140 144 139 140 136 134 132 129 133 135 134 137 135 137 141 136 137 136 139 142 138 135 133
77 23 49 23 19 26 27 43 44 26 20 75 22 48 24 25 46 48 23 47 45 42 15 16 79 11 13 31 28 40
184 187 183 181 178 180 181 182 179 177 175 178 175 176 177 178 177 178 179 180 178 175 174 177 180 179 177 176 174 173
22 77 75 71 33 31 40 31 12 15 81 84 81 85 14 85 82 17 82 15 42 28 26 76 37 33 70 71 69 41
131 134 135 140 141 136 134 137 142 145 142 138 140 143 141 142 141 138 135 136 137 135 140 141 143 145 148 149 151 153
59 57 55 58 61 58 52 53 51 52 54 55 56 57 56 53 51 52 50 51 57 53 55 51 59 52 54 53 51 54
194 190 191 192 193 192 195 197 194 197 196 199 196 193 192 195 194 197 196 199 201 204 206 207 208 206 209 207 205 207
93 90 88 90 88 92 93 94 99 101 105 98 103 102 99 97 94 92 94 95 98 99 100 101 98 102 101 102 103 98
113 115 113 114 112 111 108 107 109 111 112 110 111 113 116 119 118 119 121 122 125 124 121 123 121 123 126 123 126 124
126 128 127 130 131 129 128 130 131 128 129 131 129 130 131 130 129 132 135 131 133 135 136 137 139 142 137 138 142 143
118 116 114 113 110 112 109 110 107 104 107 109 112 109 107 106 101 100 103 105 100 97 95 94 99 95 94 97 95 99
40 31 39 71 76 21 25 17 15 18 82 18 39 72 76 71 39 34 38 76 38 39 40 41 43 69 70 68 65 45
186 189 186 188 186 189 188 187 183 187 186 184 181 178 180 181 184 183 181 183 185 186 185 182 179 178 181 180 183 181
165 164 165 163 162 160 159 161 163 162 161 158 161 158 160 158 161 163 161 159 161 163 161 162 164 163 165 164 167 165
58 61 51 50 51 57 60 59 61 51 55 59 55 51 49 23 76 25 22 75 22 21 20 25 61 60 50 61 46 27
136 138 137 141 139 138 139 140 144 145 144 141 138 142 140 139 137 142 139 143 142 144 142 137 142 141 136 134 131 129
198 195 198 197 196 195 194 193 194 191 194 196 197 196 193 190 192 195 192 193 190 189 188 187 186 185 188 186 188 190
31 11 14 12 32 31 12 29 69 28 68 29 31 13 14 10 8 4 7 6 10 9 11 13 41 31 41 68 42 32
196 199 200 197 200 202 201 200 203 202 205 202 203 202 201 202 200 202 201 198 199 201 204 203 205 204 206 203 204 203
168 171 172 171 172 169 171 172 175 173 172 171 173 171 173 172 171 174 173 174 176 177 179 176 175 178 179 176 179 176
96 97 96 99 96 93 99 95 92 89 88 92 93 99 95 100 98 102 97 95 100 102 97 102 105 102 104 107 109 106
137 135 134 130 127 130 128 127 124 127 126 128 131 135 134 135 136 140 144 146 145 142 138 139 137 140 141 142 141 140
81 17 83 82 28 27 44 41 40 72 75 72 73 38 40 39 34 5 34 8 34 8 6 3 2 4 35 36 38 32
229 232 229 234 237 234 232 233 236 230 234 231 234 229 228 227 229 231 229 231 233 232 234 236 239 236 237 238 239 237
82 16 15 41 67 42 28 82 27 42 28 68 66 64 66 26 45 43 42 41 28 66 65 26 17 81 15 14 30 12
216 217 219 218 215 218 215 214 216 214 212 213 214 212 211 214 215 212 211 212 213 215 219 221 218 215 218 220 218 219
231 228 227 226 222 219 218 221 223 224 227 229 232 230 231 235 230 231 230 235 234 229 227 223 227 224 225 228 229 227
28 41 38 33 72 69 66 46 62 64 65 46 62 61 48 23 25 21 77 21 74 21 22 48 61 50 61 62 48 24
29 68 28 13 84 86 85 82 83 14 15 27 30 32 33 35 33 40 70 38 76 24 21 74 38 74 72 76 18 76
79 81 85 16 19 18 71 39 38 73 35 73 76 19 18 78 76 20 79 77 23 49 60 58 57 55 52 50 52 58
98 105 106 105 104 107 108 110 107 106 105 100 98 101 98 102 103 104 98 95 92 95 96 95 99 101 102 97 102 101
222 227 229 230 234 235 233 235 230 232 234 233 231 234 237 234 230 233 234 233 234 237 239 237 235 238 239 237 239 237
30 27 17 19 26 16 18 71 40 38 36 39 32 34 40 68 43 44 16 80 17 25 17 27 41 29 13 87 85 84
127 125 124 123 122 119 117 120 119 120 118 121 120 117 116 118 116 114 112 113 111 112 111 109 110 108 110 107 109 112
191 190 192 191 194 197 199 196 194 191 188 191 188 190 194 196 198 199 200 202 199 201 198 195 194 195 198 196 198 197
92 91 92 93 92 94 91 93 99 98 101 104 98 99 94 93 92 90 87 90 91 93 96 97 102 99 94 91 90 92
161 163 165 166 167 169 167 166 167 169 167 169 166 164 162 163 161 158 156 159 158 160 161 160 162 164 166 168 169 171
57 56 59 52 56 54 58 60 59 61 50 51 59 49 23 26 69 26 63 45 63 61 48 61 51 53 56 59 51 55
110 109 110 111 109 107 106 109 107 105 102 105 98 102 97 95 98 105 103 104 106 107 110 113 111 112 111 113 116 118
149 151 149 147 149 150 151 149 147 148 145 148 146 148 150 148 147 146 144 140 143 140 135 131 128 131 129 132 131 135
214 215 219 222 221 222 221 222 224 225 228 226 223 220 215 221 218 215 214 211 210 213 211 209 212 214 212 211 213 210
106 101 100 95 97 101 105 101 99 97 96 93 99 94 91 90 92 90 87 88 87 84 81 17 27 41 66 69 72 76
83 16 31 13 15 12 11 6 4 0 1 2 0 1 4 3 0 3 7 4 3 5 8 12 33 34 32 70 71 33
72 38 40 44 15 81 14 15 85 11 29 42 67 42 15 30 81 27 66 41 39 72 36 39 73 72 76 75 22 20
9 8 7 2 5 4 7 2 5 6 5 3 8 10 12 14 10 9 31 9 32 29 17 28 69 66 44 46 17 46
49 52 56 57 55 53 59 51 48 24 23 48 24 21 75 78 18 17 82 83 86 90 87 90 89 88 85 84 85 82
78 18 79 11 79 18 20 23 48 51 54 51 55 51 57 59 51 50 49 63 26 27 79 81 80 27 19 17 14 81
144 147 148 149 148 149 147 146 148 149 150 151 153 154 155 152 153 154 152 150 151 153 154 153 155 156 157 159 158 161
218 221 224 226 223 220 222 228 231 232 231 230 236 234 230 234 233 232 230 236 237 236 237 236 239 237 234 236 235 236
109 110 112 110 111 109 112 113 116 118 119 116 114 117 120 122 124 125 128 129 131 129 128 129 127 126 125 124 125 126
178 181 178 177 178 175 174 176 178 177 180 177 175 176 178 180 177 180 177 180 182 181 180 182 184 186 188 185 184 187
167 166 169 171 169 166 165 167 165 164 165 167 168 171 168 167 169 171 174 176 174 173 171 174 173 174 177 180 181 178
84 86 85 12 10 6 1 0 35 34 73 71 40 31 16 79 81 11 13 11 15 29 82 84 11 85 82 17 18 30
122 119 117 115 117 115 117 119 120 119 116 113 110 112 110 107 105 107 104 102 101 106 108 109 112 109 108 107 104 103
115 116 118 121 122 120 122 119 117 119 116 118 120 118 119 118 120 123 121 124 122 125 127 128 127 130 131 130 131 133
187 190 193 191 189 190 193 196 199 202 201 203 202 201 198 197 195 197 194 192 193 194 196 197 196 197 194 193 190 191
56 52 57 51 53 52 57 51 52 57 51 49 48 49 61 58 56 58 54 58 52 59 55 59 62 64 26 18 24 19
15 81 82 18 80 14 12 85 12 14 13 84 11 84 14 84 13 86 29 83 27 44 17 14 80 83 29 27 82 27
76 79 26 28 83 84 13 16 81 84 82 18 80 27 82 17 78 17 45 47 48 50 62 46 18 76 38 33 72 37
95 99 93 94 91 93 90 89 91 92 88 86 29 84 13 84 81 11 14 30 41 29 28 13 15 41 33 70 69 26
182 179 176 177 179 180 182 185 184 183 182 180 178 180 177 175 177 176 178 175 172 169 170 168 167 169 171 174 177 174
208 210 209 207 204 207 205 203 206 203 200 203 200 202 201 199 201 203 204 205 202 203 200 199 196 193 192 193 195 194
73 76 25 63 46 44 46 17 18 16 28 66 27 46 63 46 26 19 17 26 19 75 37 74 37 35 0 5 33 38
32 39 36 33 41 71 33 38 32 11 9 8 37 38 34 38 41 29 12 85 87 88 91 92 42 44 65 68 70 68
181 182 183 181 183 184 181 182 180 183 187 185 184 183 184 185 188 186 184 181 180 183 182 179 178 175 173 174 172 169
227 229 231 230 228 229 227 230 236 238 235 234 237 234 236 234 233 230 233 236 239 236 239 237 236 233 231 235 236 238
124 126 124 123 126 128 125 126 129 127 129 127 126 129 132 131 133 134 136 139 138 136 137 134 135 134 135 140 137 138
164 165 166 164 167 168 169 172 175 177 176 178 180 182 181 178 175 178 181 179 178 180 177 174 173 176 175 173 170 167
237 239 236 237 236 237 236 233 231 228 225 227 224 226 229 227 222 224 223 225 224 227 223 227 224 221 219 216 219 216
206 207 210 211 209 207 209 208 210 209 210 208 207 206 204 206 208 209 208 206 205 206 207 206 209 210 211 213 215 213
141 143 140 142 145 144 140 143 142 145 142 137 142 144 140 144 141 136 140 136 134 136 133 132 135 132 135 133 135 134
143 140 142 144 139 143 141 139 138 140 135 137 135 140 142 137 141 144 142 138 135 134 135 138 140 135 131 128 129 128
221 218 221 224 221 223 226 224 221 215 221 224 223 225 226 222 223 224 222 220 219 221 215 216 219 218 220 218 216 214
7 10 13 28 30 9 33 72 37 40 33 32 42 27 47 48 47 49 48 22 25 47 64 63 48 64 45 68 70 42
8 5 9 4 8 32 42 92 90 88 89 87 13 14 86 29 67 28 31 9 30 81 15 83 82 17 25 46 44 65
223 222 220 222 223 225 226 224 221 215 220 216 217 215 217 215 213 212 214 213 210 213 214 212 214 216 219 220 218 221
174 172 171 174 172 175 172 171 168 170 167 164 165 166 164 165 163 164 165 166 168 169 172 174 171 173 175 173 176 174
44 27 82 15 13 30 28 13 10 9 12 85 82 29 85 11 12 8 37 33 8 4 8 11 81 15 30 14 31 33
88 90 88 13 28 18 75 72 75 22 77 22 19 27 80 19 21 22 76 75 21 75 78 17 44 28 40 30 41 31
151 152 154 152 151 153 151 149 151 153 154 153 152 155 152 155 158 155 157 159 160 159 156 159 158 159 158 159 160 158
34 72 76 19 16 79 27 47 19 16 41 39 33 73 71 69 39 32 8 32 31 11 16 79 11 12 85 11 7 8
101 105 99 94 95 96 95 98 100 95 97 96 93 96 95 96 97 102 104 105 103 100 96 98 105 101 103 102 100 98
4 9 30 17 20 19 23 47 48 47 46 25 63 46 64 45 43 66 68 65 45 42 32 41 13 86 85 11 14 13
150 151 149 151 150 151 153 151 149 147 146 147 144 139 142 138 139 143 144 139 140 141 143 141 140 142 139 142 140 142
153 152 150 152 153 152 150 152 151 152 151 153 152 150 151 152 150 148 145 147 144 145 146 143 144 140 135 140 139 138
134 130 133 136 134 137 135 133 135 134 133 130 127 129 130 127 129 132 129 132 133 130 133 136 139 140 143 142 140 136
193 194 195 193 191 193 192 191 194 192 194 195 197 198 199 198 197 196 199 198 199 198 197 198 197 200 198 199 198 197
80 81 83 28 26 63 45 41 69 42 28 30 29 15 14 28 26 69 45 29 13 15 14 28 14 17 46 18 30 43
105 99 101 103 101 99 100 98 96 94 95 96 97 100 103 100 97 95 92 42 92 88 89 90 89 88 90 92 94 96
125 127 124 121 119 116 117 118 117 120 117 116 115 113 111 108 107 105 101 103 105 101 100 97 96 94 91 92 95 98
65 47 64 62 46 66 65 45 44 27 65 68 69 40 30 8 3 0 3 7 5 33 32 8 7 4 35 38 35 34
157 158 159 158 161 158 159 161 159 157 156 154 152 151 153 154 155 152 154 152 155 153 152 155 158 156 157 156 157 156
35 1 35 37 33 8 11 15 82 18 46 65 64 67 46 65 63 46 65 67 64 48 64 48 49 51 48 22 20 73
104 107 106 107 108 107 109 111 112 114 112 114 117 115 113 112 111 110 107 106 104 103 104 106 101 105 104 106 104 107
111 108 107 106 108 105 107 105 103 106 109 108 106 101 105 99 101 103 98 95 94 97 98 102 101 97 94 93 94 97
152 155 157 155 152 155 153 155 153 151 152 153 154 156 158 161 158 161 162 163 164 166 164 163 164 167 168 166 168 170
175 174 173 172 175 173 171 174 173 176 175 176 173 175 173 175 176 174 172 171 170 172 169 168 169 166 165 164 167 166
202 200 201 198 196 199 196 194 193 192 194 197 199 196 195 197 196 195 194 193 196 198 197 200 201 203 200 202 200 202
236 234 237 234 231 232 233 236 233 236 237 234 230 227 225 224 222 227 229 232 231 234 230 235 237 234 236 230 229 230
74 38 39 72 70 71 40 42 28 44 16 26 27 80 79 16 79 76 26 45 63 65 63 49 50 47 61 25 48 24
89 87 89 85 11 85 81 27 15 18 78 19 77 78 21 19 17 16 28 45 27 81 83 85 12 15 17 19 24 18
90 88 91 90 91 92 90 86 13 87 90 87 86 88 87 13 85 30 13 28 29 13 86 85 30 42 40 33 32 12
238 236 239 237 234 229 227 225 227 222 220 222 219 217 220 219 217 219 215 220 223 224 227 225 222 223 225 226 222 220
18 77 74 73 39 76 39 73 70 38 36 33 41 14 16 79 78 80 78 76 72 76 18 79 20 72 34 35 33 35
20 26 41 17 83 17 82 80 18 19 79 25 45 27 29 12 15 85 83 86 85 89 92 89 87 84 16 82 27 18
103 100 101 104 102 103 106 109 107 110 107 109 111 109 111 113 110 113 111 109 111 112 109 110 112 115 112 111 108 110
199 197 196 197 196 198 195 194 191 189 188 190 187 190 191 189 187 189 186 184 183 180 183 180 181 178 177 179 176 175
99 100 98 99 102 98 97 96 97 102 99 97 99 96 98 96 97 94 93 91 89 29 43 66 67 66 65 67 45 44
145 144 143 142 144 141 136 138 140 144 139 143 146 145 143 140 137 138 140 141 140 139 141 137 139 142 137 142 140 138
224 223 225 224 227 229 226 229 232 233 236 239 236 230 228 222 224 222 219 216 218 221 222 220 219 217 214 213 210 213
162 160 158 157 156 158 161 159 158 160 159 160 161 158 155 156 158 160 162 160 161 163 161 158 161 160 161 159 157 155
41 28 82 84 15 27 30 69 26 64 47 50 52 57 53 50 60 49 63 61 59 57 56 59 53 50 59 58 54 51
120 119 121 122 119 120 123 126 123 121 118 119 116 119 117 120 121 122 125 122 123 120 119 121 120 119 120 121 123 122
169 168 171 173 176 178 179 176 178 180 182 180 182 179 182 183 182 185 183 180 178 177 174 172 170 171 172 170 172 174
53 52 53 51 57 53 51 58 51 50 60 58 55 52 55 58 56 53 55 51 57 60 62 49 52 59 60 49 62 64
25 19 25 20 76 24 49 25 78 25 26 71 74 20 76 25 19 25 27 65 68 44 17 18 30 13 16 41 43 66
200 199 196 198 200 202 200 203 201 203 200 202 200 203 204 203 200 201 202 203 206 204 205 208 206 205 202 205 202 204
166 168 169 171 174 171 173 170 169 166 165 166 167 169 167 168 167 169 167 164 165 166 168 167 168 169 168 169 171 170
46 18 24 47 46 48 60 50 58 51 61 49 24 48 51 54 55 59 61 51 54 55 58 57 53 54 58 56 53 50
142 139 143 145 146 147 148 147 148 146 144 147 148 147 149 150 148 147 146 143 140 138 137 136 138 141 142 138 140 137
213 214 212 213 214 211 210 213 211 214 212 214 213 212 213 211 212 213 215 219 215 216 215 221 223 224 226 224 225 228
220 219 220 221 215 220 219 221 224 223 224 227 226 223 221 219 217 215 218 219 215 220 222 223 227 224 227 222 226 224
62 50 61 51 57 60 47 24 19 75 72 38 40 42 39 42 40 28 83 14 86 84 85 16 81 16 81 14 81 83
172 171 168 169 171 170 169 171 170 168 170 172 175 174 176 178 176 178 180 179 178 177 180 181 183 186 185 187 188 187
33 9 5 2 3 8 12 9 7 4 5 2 5 9 7 5 1 6 5 0 2 6 1 4 3 0 5 8 12 29
23 47 65 47 45 67 69 66 68 71 20 73 76 18 41 43 41 70 42 43 66 26 63 25 45 46 28 40 32 37
190 192 189 186 187 185 182 183 181 178 181 182 180 181 182 180 182 180 179 177 175 176 179 182 183 185 188 189 190 191
6 9 7 11 14 86 87 86 90 88 87 89 90 91 89 87 84 14 28 14 10 8 5 3 0 1 6 7 5 1
67 45 44 67 46 66 69 42 39 36 74 76 79 25 45 17 78 75 76 39 37 33 71 70 42 32 33 31 30 13
69 42 30 12 7 10 6 5 35 38 34 73 37 35 0 2 1 5 34 38 39 69 66 69 68 67 43 69 39 38
3 2 4 0 35 38 33 8 9 7 6 5 10 6 5 6 2 0 35 33 31 42 29 89 86 89 87 85 30 32
135 140 143 139 142 145 143 146 148 145 143 146 147 148 145 147 146 145 148 149 148 149 148 145 143 146 143 140 141 140
85 14 12 33 36 38 39 73 76 24 25 76 71 75 22 19 27 42 15 30 31 15 43 44 30 33 9 33 72 76
60 50 48 51 50 53 59 62 47 61 62 61 62 50 53 50 49 51 61 25 20 75 71 74 71 20 18 46 26 48
114 117 119 120 123 125 122 125 123 125 127 130 134 131 129 132 129 128 126 129 132 129 131 132 131 129 128 126 123 126
86 89 29 45 26 48 61 60 50 61 46 44 70 38 39 41 70 71 73 37 39 32 30 18 79 77 23 21 25 18
91 92 91 88 85 87 85 82 14 81 80 16 84 83 81 16 85 12 10 8 7 12 31 28 45 65 66 67 45 47
123 124 127 125 128 125 123 126 124 122 124 122 119 122 125 128 126 128 126 129 132 129 130 134 133 129 132 135 138 141
176 173 176 174 175 173 175 172 174 171 168 169 170 172 169 167 164 166 164 163 165 164 167 165 163 162 161 158 155 156
87 89 88 92 42 66 69 28 46 63 65 27 15 85 83 86 84 11 12 85 14 80 27 19 22 76 79 26 66 65
26 45 66 44 26 79 26 71 68 40 69 66 41 16 80 14 16 31 16 41 66 27 65 47 23 22 48 60 61 58
5 2 3 7 3 1 3 8 6 11 31 9 30 11 9 12 11 79 82 83 82 84 16 79 78 17 46 25 19 26
2 3 1 6 10 14 83 85 14 80 11 7 3 6 9 12 32 8 30 13 87 84 87 89 91 90 88 89 91 92
177 179 176 179 181 184 183 180 177 178 179 180 181 178 179 180 181 183 181 183 185 182 184 182 185 188 190 194 190 191
13 10 6 9 11 14 84 87 88 86 90 88 89 92 91 89 13 88 86 87 89 86 87 85 84 29 42 41 29 82
119 120 118 120 117 120 122 125 124 121 118 116 119 122 123 126 127 129 133 136 138 142 140 135 133 134 135 136 133 129
189 192 195 193 195 197 200 199 200 199 196 193 192 189 191 188 189 186 188 186 189 186 187 183 186 189 191 193 190 193
52 60 47 63 45 25 27 18 81 83 28 82 18 80 79 25 20 76 18 81 84 16 13 16 17 25 79 11 10 9
225 227 223 221 224 227 226 223 225 222 226 224 225 226 222 225 227 224 227 222 224 221 224 222 220 216 217 220 218 220
230 232 234 233 232 233 234 236 230 232 235 238 236 239 237 234 231 232 235 230 229 231 234 236 234 231 234 237 235 237
197 195 196 199 200 198 197 195 198 200 201 203 204 202 199 198 196 199 198 197 194 190 188 187 186 187 183 185 186 188
239 237 236 235 233 234 237 238 236 239 236 239 238 235 238 236 239 238 236 230 235 231 232 231 233 232 233 235 230 236
16 31 29 83 82 16 19 21 19 27 41 42 69 39 33 36 35 38 72 36 38 34 5 1 3 5 8 30 39 18
55 51 48 62 46 48 47 49 48 61 48 24 20 18 78 19 78 19 80 18 25 18 28 41 44 67 28 13 88 90
156 158 156 155 154 153 151 152 151 152 153 154 156 159 160 159 157 158 159 158 156 157 155 157 158 161 163 164 162 163
158 161 159 161 159 161 158 161 160 159 160 158 155 156 157 155 157 156 158 161 158 156 154 153 152 153 151 153 155 157
54 53 57 60 48 64 45 43 45 17 14 84 29 82 17 78 76 24 76 26 41 70 32 39 32 39 42 67 65 47
107 110 112 113 110 113 114 117 114 115 117 115 117 116 117 119 118 121 120 117 116 118 121 124 127 126 125 128 126 124
121 118 117 120 122 125 128 130 134 131 128 130 134 130 133 132 134 133 134 135 134 130 131 134 130 134 137 141 136 134
50 60 49 23 20 21 23 77 22 48 61 62 49 24 25 23 21 22 77 18 28 18 75 23 76 24 18 19 16 79
36 72 39 42 92 89 87 88 90 92 88 86 29 82 18 15 30 40 38 37 35 37 71 18 71 68 69 30 40 30
179 181 184 187 185 186 184 187 186 183 185 187 186 183 187 190 188 187 188 189 191 193 196 193 194 196 195 198 200 197
64 44 42 70 72 33 41 29 85 81 17 15 81 80 11 81 27 81 16 82 16 29 30 16 82 16 11 13 12 33
75 21 78 76 72 40 32 30 11 14 17 19 75 23 26 64 48 25 18 23 20 75 76 39 35 39 34 32 39 73
51 57 59 61 49 48 64 47 46 24 21 74 72 20 71 39 72 34 38 35 36 34 40 44 70 73 35 34 73 38
188 190 188 185 188 187 190 193 192 189 186 189 187 186 188 189 186 185 187 188 191 189 192 193 191 189 190 192 194 193
219 221 222 220 216 219 221 222 227 223 222 228 227 228 226 222 223 224 227 230 228 230 227 222 224 223 225 226 224 223
133 129 131 134 137 141 139 137 139 143 146 143 146 145 148 146 145 143 141 143 139 143 139 144 139 136 139 144 142 139
205 204 202 201 202 205 207 209 206 209 206 207 205 202 199 201 199 200 201 202 200 198 196 199 196 193 195 197 200 198
154 152 153 154 156 155 154 153 155 152 155 158 157 158 159 157 159 157 159 158 159 157 155 153 151 153 152 154 156 157
45 26 76 25 20 76 25 49 62 61 60 47 44 30 29 68 65 46 25 22 21 75 19 26 79 19 80 17 18 26
132 135 132 130 134 133 130 127 130 128 130 128 131 129 132 130 132 129 131 132 131 134 133 130 132 129 133 135 134 132
173 174 175 177 174 172 174 175 172 169 171 168 166 165 167 164 166 168 167 168 167 170 169 171 172 171 174 176 177 174
70 38 76 24 18 30 11 30 81 11 15 30 15 43 41 67 41 39 73 75 20 17 30 12 30 13 31 41 70 69
183 180 178 180 183 180 183 180 179 176 177 174 175 173 171 169 171 169 168 166 169 170 167 165 164 165 164 166 167 170
108 109 108 110 108 109 110 111 113 112 113 110 109 107 104 105 104 105 108 105 108 106 105 103 101 97 96 99 102 98
43 42 28 26 17 20 71 72 70 40 34 39 32 38 70 40 12 85 89 87 85 84 16 19 17 27 19 26 79 18
10 11 84 29 44 47 24 18 30 69 40 29 40 69 45 44 68 44 47 64 67 44 41 43 45 63 66 28 69 67
148 145 144 147 149 150 152 154 153 154 152 150 149 150 151 153 154 152 150 152 150 148 147 146 148 149 151 149 148 147
159 156 157 158 157 156 155 154 152 154 153 152 154 156 159 158 161 162 164 166 169 168 171 174 173 175 172 171 168 171
61 25 47 45 17 41 67 46 63 25 47 25 27 46 25 23 76 39 41 70 39 30 17 25 79 17 44 29 44 68
47 50 60 61 60 57 54 51 49 61 62 49 25 63 61 51 49 51 49 50 52 49 48 51 58 59 55 52 56 57
232 234 237 235 234 230 233 230 233 235 238 239 236 238 237 238 237 236 234 230 234 237 239 237 239 238 239 238 235 230
97 102 99 96 99 97 102 97 99 96 94 93 94 95 93 91 92 94 93 92 91 88 87 90 92 42 67 65 43 69
116 113 116 114 116 114 115 112 110 107 109 106 105 99 96 99 105 106 103 98 104 106 105 101 102 98 105 100 96 94
48 64 44 29 16 15 28 67 41 71 20 17 46 63 65 63 25 46 63 25 17 25 23 47 19 23 19 20 77 23
128 126 128 127 129 132 135 132 129 130 133 129 127 124 121 123 126 128 130 129 132 130 129 133 134 131 130 128 127 125
117 116 114 113 111 112 109 108 111 109 110 109 108 110 109 106 105 102 100 97 94 97 96 99 94 95 98 95 99 100
207 206 208 207 205 207 204 202 200 199 202 204 202 204 202 205 208 209 206 205 204 201 202 205 208 207 209 206 208 209
27 45 26 28 43 15 12 10 5 34 72 20 76 23 47 49 23 22 20 75 23 24 19 16 31 29 30 81 85 83
0 35 39 38 32 9 11 85 89 31 89 87 13 86 83 13 29 13 86 85 84 87 88 90 86 83 28 31 29 44
233 234 232 229 230 233 230 236 237 235 236 230 231 234 230 235 230 229 231 234 232 234 232 230 234 229 228 231 228 222
42 66 43 42 41 43 65 47 26 46 48 23 24 20 17 15 83 17 41 70 39 18 41 32 29 83 86 13 84 29
102 103 102 97 101 97 94 93 90 89 85 89 29 41 38 70 68 42 44 69 44 28 16 31 14 17 81 17 30 41
210 208 210 211 213 210 208 209 210 208 206 208 206 207 206 207 204 201 200 198 196 197 200 201 202 200 201 200 198 196
163 164 167 169 166 169 170 171 170 173 170 169 172 174 176 178 179 181 184 183 185 182 184 186 187 183 186 188 190 193
209 207 205 203 206 209 206 209 212 211 214 213 211 214 215 218 221 220 216 218 219 221 223 221 218 221 224 223 225 227
234 237 238 239 237 235 238 239 237 238 235 231 232 231 234 233 234 236 230 231 228 226 224 227 230 229 232 229 230 234
68 41 43 42 43 65 67 28 13 32 12 9 30 31 12 30 18 82 17 15 81 79 16 13 15 82 27 47 27 43
155 153 154 153 152 154 152 155 156 155 153 155 154 155 154 152 154 153 155 152 153 152 151 152 155 154 152 151 149 150
129 131 128 126 124 125 124 121 120 122 123 120 117 118 116 113 112 111 110 111 110 107 108 107 105 102 104 105 99 97
