19 63 27 24 27 28 32 18 31 48 28 26 28 26 16 18 23 27 63 65 71 72 12 6 2 1 8 5 8 3
39 34 37 33 30 29 62 32 19 31 34 43 45 47 46 43 40 38 40 36 41 35 40 37 33 37 34 38 42 44
34 39 40 35 34 38 41 39 40 38 32 27 17 13 11 9 6 7 10 15 10 5 10 7 9 13 65 67 57 56
101 99 95 96 90 96 90 91 90 138 142 144 142 81 82 146 147 142 141 99 104 94 107 104 103 106 110 106 107 105
4 3 4 5 9 7 8 7 10 6 10 4 10 5 2 9 14 18 32 52 27 29 34 28 27 28 48 44 48 28
71 67 69 9 8 7 5 11 8 69 72 75 79 82 84 85 84 90 85 88 92 93 137 142 137 134 128 144 138 93
134 126 127 126 129 131 135 103 100 136 134 131 130 132 128 127 136 132 134 122 117 120 122 118 122 125 105 93 136 128
130 129 133 131 140 131 133 137 136 138 142 140 128 140 138 86 141 140 99 134 128 144 147 142 140 142 139 136 99 101
66 26 23 20 14 16 21 20 22 24 25 24 20 31 33 35 31 19 34 32 34 31 20 28 52 68 73 8 73 12
80 75 71 65 27 18 12 9 2 4 3 6 2 1 2 1 73 69 55 59 60 56 71 74 79 82 85 91 89 99
105 135 104 101 102 123 117 122 123 102 118 120 118 119 124 129 141 125 136 101 99 102 134 137 101 97 96 90 99 135
125 133 131 132 125 130 129 131 133 136 105 110 105 124 125 123 127 144 141 147 144 136 140 146 85 82 86 88 85 84
138 93 97 99 140 146 145 141 140 125 101 100 96 95 100 95 99 134 125 126 134 100 136 102 126 135 130 143 128 132
65 25 19 31 29 33 31 20 27 22 17 11 16 64 28 29 61 59 57 58 53 58 57 54 51 49 33 38 41 38
11 13 7 10 12 15 68 72 69 68 16 68 66 67 54 59 61 53 51 52 28 30 45 42 41 35 41 43 47 45
14 10 9 12 17 26 64 28 34 36 32 31 37 32 18 17 19 32 52 55 57 64 61 53 48 46 47 46 43 40
35 40 39 37 40 41 37 41 34 18 12 7 11 16 20 63 66 70 56 71 69 72 68 56 58 53 55 72 75 72
24 64 24 21 20 64 28 29 46 49 50 52 57 58 55 54 55 54 55 68 70 55 56 51 48 46 49 48 47 44
111 106 118 102 136 144 147 142 81 77 76 72 76 78 73 71 75 79 74 69 9 11 9 15 16 12 8 4 8 10
104 108 114 111 115 118 119 123 119 125 132 128 134 131 137 141 125 102 126 134 128 123 102 121 105 111 110 116 114 111
37 39 33 32 45 49 45 43 44 29 44 41 38 35 20 32 28 34 31 30 21 25 26 23 26 17 22 31 62 52
146 141 147 143 130 134 130 127 125 141 139 137 93 98 96 92 107 109 106 120 118 102 122 120 116 110 111 108 112 108
140 145 141 138 93 90 93 138 137 133 130 140 129 132 136 125 101 137 133 134 101 97 137 142 136 139 140 136 98 90
1 9 3 6 3 6 2 9 2 0 74 68 74 79 81 80 82 142 144 127 125 133 132 131 133 132 135 136 139 129
74 80 76 71 56 63 53 47 53 54 55 63 53 61 55 53 50 49 30 20 25 22 19 36 39 42 48 52 53 48
63 25 27 22 23 20 16 10 14 8 13 11 8 9 6 7 9 13 68 62 63 25 26 61 58 62 63 67 64 69
89 137 141 137 101 122 121 109 114 111 110 104 106 116 117 122 117 114 112 114 106 107 105 106 101 103 121 105 100 93
17 22 23 25 22 26 63 69 8 5 9 1 73 72 70 57 62 57 52 28 33 31 35 20 21 16 65 13 68 55
18 27 20 17 65 67 71 76 70 67 72 66 69 70 71 76 75 77 81 75 70 1 8 12 18 20 24 27 62 29
12 10 16 13 10 15 20 63 56 66 64 58 60 53 51 55 52 50 54 56 62 27 67 73 71 76 73 1 66 56
38 32 31 22 31 34 33 30 45 47 33 42 36 37 33 34 37 39 41 39 38 39 36 39 36 41 40 36 19 20
20 32 52 47 52 60 62 28 63 62 60 63 56 50 48 36 34 21 22 24 27 19 27 25 63 54 57 62 64 24
90 100 99 141 143 128 132 135 128 140 131 126 122 134 128 136 131 140 131 133 134 126 129 134 135 125 101 104 99 90
103 104 100 89 93 136 102 101 98 94 95 99 98 94 96 99 139 137 98 89 92 93 92 87 85 145 146 81 75 79
94 96 94 89 142 145 143 138 100 140 141 88 87 83 85 146 147 148 145 144 148 145 140 144 143 142 143 147 141 128
99 96 92 86 80 75 80 81 86 84 82 76 74 71 72 66 1 2 3 8 1 6 4 12 15 13 11 15 9 1
145 147 146 144 143 138 89 137 134 132 134 137 99 89 98 90 87 88 141 128 127 126 121 117 118 116 119 123 129 130
100 135 98 94 100 103 108 91 89 86 83 89 99 139 129 126 120 126 122 119 123 117 115 110 115 117 118 120 117 116
41 37 33 43 34 42 37 38 40 35 18 32 48 46 50 44 47 29 45 48 42 39 38 32 28 26 27 20 18 12
21 26 66 55 50 56 61 56 52 57 62 55 58 64 27 25 23 26 24 26 68 73 72 69 16 65 26 62 28 52
112 106 92 99 96 90 99 101 103 121 125 127 128 143 145 128 136 135 129 126 121 120 116 114 106 103 101 103 92 109
139 144 124 126 129 135 103 108 93 104 102 100 95 98 137 138 144 136 137 135 102 99 98 95 93 95 92 99 102 105
120 118 124 129 141 142 137 98 90 86 83 88 83 87 88 91 96 91 87 83 87 93 100 137 135 101 92 87 86 141
77 78 83 88 82 80 75 70 68 12 17 24 64 61 49 47 29 32 45 48 46 45 50 48 42 47 49 62 60 62
53 50 53 50 51 49 47 29 28 30 35 41 34 37 31 30 31 36 33 44 45 48 29 50 44 43 32 20 30 28
22 26 67 57 53 60 52 67 52 46 29 34 41 34 19 17 21 32 21 32 29 52 71 65 26 22 20 25 26 23
25 20 18 15 14 20 24 64 67 55 59 53 55 51 29 47 29 63 29 31 34 19 33 47 50 51 45 47 33 45
131 126 123 121 106 101 98 93 138 85 89 99 141 85 83 82 84 90 96 98 136 141 88 86 138 98 89 141 144 142
46 47 52 62 61 55 57 66 26 16 68 72 71 66 57 67 63 20 18 15 17 20 26 24 25 26 22 23 25 63
59 53 63 16 23 21 24 20 18 20 26 62 28 20 65 20 27 24 20 65 25 22 27 31 36 40 36 33 37 42
142 139 128 139 129 135 129 124 136 140 137 129 133 136 124 120 122 123 102 104 103 101 135 98 137 128 126 123 126 136
62 30 36 39 41 38 39 35 38 33 44 47 42 35 31 62 25 24 22 31 18 20 22 25 62 52 67 63 60 59
93 92 87 91 92 95 94 90 97 100 101 100 103 122 102 107 94 91 105 101 136 130 129 127 123 126 127 130 125 127
33 43 48 45 42 45 43 46 52 47 50 49 48 31 32 28 49 56 59 57 66 71 68 64 62 55 68 62 49 44
113 109 108 109 104 102 106 105 106 105 100 103 102 121 119 120 124 105 94 105 116 118 102 121 125 101 94 95 104 102
23 18 12 4 10 6 1 5 3 4 8 7 9 13 8 6 11 10 7 12 73 75 77 74 77 74 75 79 82 87
126 120 117 121 115 111 105 94 93 89 85 87 91 88 92 101 103 106 114 115 106 116 117 106 102 122 118 121 124 119
118 122 117 118 103 107 109 104 93 138 144 141 128 139 143 142 140 130 140 136 138 99 96 99 140 125 120 106 117 121
40 35 41 43 33 34 18 31 28 30 27 61 55 66 67 64 16 23 19 36 42 33 37 33 19 30 33 29 46 29
6 12 68 66 1 5 10 11 7 12 10 13 12 4 69 75 74 80 74 75 79 73 74 71 77 80 77 73 78 80
67 54 63 27 17 27 33 19 25 27 68 26 68 67 68 26 20 19 23 21 26 65 27 32 48 33 38 39 36 43
69 74 76 72 73 12 17 21 35 32 49 45 33 48 44 43 45 30 48 28 21 32 28 61 55 57 64 28 31 32
3 1 2 4 1 73 74 77 82 81 76 74 77 76 79 73 77 78 83 80 82 80 79 81 79 83 80 82 78 77
135 134 100 96 99 100 97 101 103 118 106 108 114 109 106 117 122 116 110 115 121 125 135 130 134 137 93 88 84 79
85 83 82 83 78 72 12 7 9 69 68 67 26 22 25 65 27 63 52 60 52 50 46 49 62 59 54 52 63 69
58 61 57 53 62 68 62 68 13 9 6 1 5 8 4 73 71 52 56 64 63 69 9 15 18 14 10 5 8 9
60 58 56 61 49 46 47 48 46 29 63 68 13 19 30 35 33 29 32 52 49 46 45 47 50 56 58 59 54 56
86 92 90 138 143 144 143 148 147 148 144 145 143 140 136 124 123 117 121 104 135 103 135 129 128 136 132 127 122 117
91 92 93 136 130 135 125 140 145 82 88 82 77 73 4 7 10 16 13 8 5 10 11 17 25 63 71 51 63 32
114 107 104 101 121 109 113 112 110 113 111 105 94 95 93 91 89 90 138 85 87 89 92 104 102 123 119 120 117 118
31 62 59 57 56 53 48 36 34 35 31 48 44 42 40 35 33 29 61 62 60 64 16 23 24 27 18 19 30 19
87 84 90 84 85 82 81 78 79 83 86 88 85 138 86 90 99 135 133 136 133 134 132 135 122 123 117 123 128 135
26 28 34 42 47 52 32 51 47 29 27 16 21 31 22 17 12 11 17 18 27 33 41 42 33 36 38 41 39 37
5 6 1 6 1 2 4 9 5 9 2 4 73 75 69 66 65 66 68 13 7 12 9 11 9 11 6 3 8 4
2 3 4 9 14 19 33 45 29 34 31 22 24 23 24 21 19 25 26 62 64 55 51 52 28 20 26 19 21 31
123 128 124 144 146 82 146 81 75 81 79 74 72 12 10 14 11 9 10 6 12 7 8 14 8 11 5 11 16 10
13 8 10 16 69 1 69 70 68 70 65 69 71 76 72 55 59 60 59 56 52 50 49 52 54 50 55 59 60 56
119 117 120 117 120 102 118 103 102 121 116 121 118 103 105 94 91 104 91 108 112 110 114 116 114 106 117 118 102 135
96 99 89 86 87 82 84 79 81 85 91 85 83 84 81 145 146 81 80 83 80 76 81 82 81 83 87 85 83 87
52 63 29 50 48 42 39 35 37 40 37 34 19 21 27 22 17 18 23 27 31 34 31 48 42 43 44 29 30 19
81 78 81 79 77 82 145 81 77 74 77 80 79 76 79 82 87 89 100 97 137 89 142 138 143 144 124 123 118 116
137 89 96 100 102 101 97 90 97 94 101 121 118 115 121 101 106 111 107 103 121 126 135 128 134 136 98 94 90 138
136 93 101 99 104 94 107 92 103 106 117 106 103 102 99 141 88 93 87 83 78 75 71 63 68 64 56 49 54 59
16 15 14 11 14 16 20 22 31 21 17 23 17 22 24 27 20 16 17 11 14 12 18 15 20 64 69 74 71 75
55 69 0 70 0 3 2 3 5 8 5 3 8 69 75 80 81 78 82 85 82 84 87 90 94 108 110 115 111 115
82 76 79 76 75 74 73 0 74 69 65 70 57 58 60 62 55 59 57 60 56 57 61 29 50 48 45 51 56 49
28 34 29 51 56 71 66 26 24 64 56 64 28 48 52 27 23 20 23 21 18 31 29 63 53 52 51 45 44 43
29 51 52 71 55 68 62 58 57 63 26 21 24 25 26 27 26 66 71 68 27 62 59 61 60 56 51 29 28 21
79 82 76 73 8 10 12 17 27 33 34 43 42 34 18 14 9 6 2 6 7 11 6 1 67 58 57 70 64 27
54 52 29 63 28 30 19 25 24 26 20 63 69 66 26 28 31 18 17 13 9 11 9 1 6 10 7 4 2 5
98 136 132 125 141 139 138 100 135 98 99 104 99 102 92 101 94 101 135 131 126 136 89 142 81 77 75 70 67 56
107 114 110 114 110 107 101 122 135 140 130 137 142 89 86 81 76 78 77 74 0 4 10 9 2 5 7 5 2 9
121 104 100 141 128 123 124 126 123 121 123 124 144 142 137 138 140 139 145 140 145 82 146 145 143 130 140 135 137 98
30 29 62 63 60 57 63 56 71 63 58 53 51 47 45 48 44 42 34 39 41 40 42 38 35 38 39 40 43 40
50 48 42 47 53 54 67 55 62 32 35 42 45 50 52 27 17 21 19 26 64 65 68 15 16 14 15 68 27 28
127 125 130 129 132 135 129 141 99 135 136 131 134 102 92 104 105 100 98 99 98 135 133 131 135 130 143 130 129 134
36 35 39 34 37 40 36 31 32 30 36 35 19 34 31 36 40 42 47 42 41 40 39 36 31 33 45 29 52 61
92 86 88 84 86 138 90 87 82 142 144 148 144 143 138 89 91 89 86 91 90 98 93 91 86 84 88 90 98 89
64 16 20 21 18 23 27 67 64 63 59 53 49 51 52 51 63 60 61 55 70 76 80 76 77 80 75 73 77 80
57 61 26 20 65 63 27 32 29 28 20 27 29 48 32 62 29 33 32 27 25 20 15 12 15 19 14 18 23 21
51 29 19 31 29 51 71 75 73 68 67 68 16 19 28 64 27 32 19 26 31 21 26 25 65 26 22 17 16 20
75 77 74 70 76 73 4 1 4 73 76 81 84 89 137 135 136 89 84 85 84 85 86 142 144 124 123 117 122 106
133 129 127 124 122 119 121 120 116 107 101 100 89 100 136 89 137 101 122 124 123 102 118 103 122 120 106 102 124 125
110 114 113 109 92 89 90 84 90 99 92 93 98 101 107 114 107 105 124 105 104 102 126 124 128 125 130 125 120 117
45 46 50 46 43 45 32 20 25 65 12 11 10 5 8 5 1 70 66 67 27 28 33 19 26 65 69 1 5 10
106 103 121 106 114 115 114 117 123 128 130 136 130 133 129 136 135 98 100 93 90 94 108 106 118 122 116 118 121 125
132 128 139 142 138 89 98 101 105 93 91 105 104 100 136 140 137 141 144 145 147 144 140 136 137 99 93 91 105 103
83 82 85 90 100 97 93 95 92 107 114 116 110 107 92 107 111 105 136 89 138 98 92 87 90 97 101 135 100 135
72 67 26 64 16 14 8 9 6 9 11 10 8 9 13 10 8 6 11 15 16 19 13 8 12 8 4 8 7 6
70 67 26 17 26 19 28 62 63 52 46 51 50 54 53 56 53 59 52 55 52 54 49 62 29 44 41 37 40 38
9 1 6 2 5 3 4 73 76 73 1 4 69 0 2 0 4 10 13 10 5 7 13 16 10 15 11 13 19 31
49 54 51 53 59 56 64 28 27 33 42 43 36 42 43 45 50 53 56 67 68 70 68 64 68 62 61 59 52 62
108 114 115 106 114 113 108 115 117 122 134 99 137 130 127 129 135 133 126 131 128 145 128 127 123 121 122 118 119 123
78 73 0 69 4 12 72 66 71 55 52 29 19 20 31 29 32 35 36 31 33 19 63 51 32 21 16 27 17 22
144 141 142 146 141 136 144 124 129 137 133 134 129 124 127 130 132 136 134 131 132 127 122 123 120 115 112 109 112 107
109 104 101 102 103 118 115 118 116 110 113 116 110 108 91 95 98 93 90 88 91 96 99 136 102 104 100 104 102 124
43 36 38 37 34 19 28 20 27 20 24 64 68 15 9 2 6 12 10 4 73 8 1 8 73 0 4 12 73 74
10 6 5 11 15 19 23 18 21 18 31 62 67 56 62 52 29 32 27 63 29 47 42 33 31 32 21 24 64 67
148 146 148 144 145 82 88 141 146 147 146 140 127 124 123 120 102 107 103 106 121 119 116 120 123 122 134 128 134 133
84 87 81 79 85 82 80 78 76 71 56 64 69 1 4 12 4 2 0 69 9 13 9 3 9 4 9 14 9 7
122 118 115 111 114 108 109 104 103 105 121 106 104 135 132 127 130 137 140 141 147 143 148 147 148 144 136 101 107 105
61 58 61 49 32 49 61 55 54 71 70 67 73 68 26 62 63 32 48 47 42 36 32 43 37 38 36 38 34 41
115 110 105 106 115 106 104 101 95 96 89 86 141 142 86 88 85 89 142 89 83 81 142 143 144 148 147 143 138 137
56 53 47 42 34 28 32 20 63 52 60 56 70 75 72 67 71 76 81 77 73 8 73 4 9 15 16 23 21 16
15 18 19 26 65 27 21 23 27 64 20 24 27 18 20 26 25 23 26 23 25 65 64 55 53 50 44 33 43 49
47 45 47 51 50 51 46 29 34 36 30 29 47 49 28 62 64 25 20 63 66 57 58 56 70 71 73 8 3 6
76 75 80 83 88 82 87 93 87 81 75 81 84 80 82 80 83 84 90 89 86 91 88 91 104 91 85 89 138 90
97 90 91 90 94 90 84 88 89 136 124 129 128 135 122 134 133 131 140 130 139 141 147 142 128 125 100 136 142 82
95 94 90 95 94 100 91 92 102 123 127 144 140 137 133 132 130 136 98 89 87 85 90 85 80 84 82 85 91 108
116 118 116 106 121 117 106 101 94 107 92 108 104 103 101 136 130 134 125 134 101 97 93 105 92 98 97 90 86 83
48 28 62 30 48 33 47 48 36 38 39 41 34 30 33 45 43 40 38 35 30 21 30 49 45 33 32 38 32 48
128 143 142 86 88 82 83 89 90 100 91 96 91 85 81 77 71 73 8 7 8 14 10 11 16 17 13 9 3 8
117 123 118 106 109 105 104 99 92 108 105 91 105 102 103 108 103 107 106 121 105 93 108 107 105 116 114 116 113 116
73 78 77 74 71 70 65 69 16 18 27 30 49 29 52 60 58 61 57 62 58 60 57 58 53 58 61 64 62 67
32 30 19 27 52 68 13 14 15 20 16 20 19 35 40 35 39 40 38 32 52 28 32 28 52 53 49 50 45 33
27 19 18 15 13 15 18 15 10 5 4 8 6 8 6 5 6 3 5 1 67 72 78 84 90 92 95 92 91 90
0 3 6 4 0 73 67 71 54 49 28 26 28 49 28 33 44 41 36 32 37 39 40 36 32 49 51 32 20 26
42 48 36 41 37 35 32 49 30 28 63 60 61 53 47 50 49 44 42 33 36 37 32 43 45 51 50 52 47 48
102 123 119 116 115 110 116 121 101 107 114 107 109 107 105 102 135 102 100 96 93 91 89 85 84 85 146 147 142 136
124 136 102 121 124 136 140 130 139 142 145 146 82 86 92 104 107 112 115 114 106 116 105 94 108 94 107 105 94 99
141 99 136 132 133 131 128 123 122 123 128 137 89 93 92 105 107 102 121 101 92 87 92 105 93 101 93 101 104 99
143 140 128 139 130 127 122 120 124 120 121 120 122 124 144 127 124 125 126 134 129 139 137 89 92 107 114 110 115 107
7 8 10 8 73 12 7 6 12 10 14 12 14 9 13 7 12 4 10 16 17 16 69 71 73 3 73 3 2 3
8 1 0 3 5 6 12 6 11 10 7 6 2 9 11 8 9 12 9 13 8 1 69 0 73 68 73 4 9 2
44 42 43 48 50 46 29 51 49 32 52 53 61 27 67 64 24 17 11 6 10 16 65 66 57 54 51 47 46 29
88 87 93 108 91 100 97 93 104 101 99 95 99 101 93 90 86 138 140 142 89 91 93 104 99 100 101 103 102 92
68 72 74 68 74 77 71 55 57 58 60 63 61 63 55 72 66 71 69 8 1 5 7 4 69 63 69 73 78 82
129 127 129 123 118 117 121 123 119 123 126 134 132 134 99 136 102 134 101 100 136 141 128 125 130 131 137 142 139 136
147 143 128 129 132 125 126 125 141 85 87 90 88 84 87 83 89 85 91 88 82 79 78 80 84 80 83 89 93 138
