315 317 319 320 319 322 321 322 323 324 323 321 320 322 321 322 319 322 324 323 325 324 322 325 326 327 328 327 325 327
386 387 385 383 535 383 536 538 382 380 381 379 380 379 380 378 377 378 379 380 382 539 537 384 539 541 540 541 540 542
454 456 453 451 455 456 458 479 484 486 485 484 485 484 487 485 482 483 484 483 485 488 489 490 492 493 492 489 486 487
365 362 361 358 355 357 354 360 356 355 357 363 366 369 371 369 366 365 360 362 357 354 355 353 351 350 349 347 352 355
522 520 519 515 519 518 516 518 521 526 522 523 526 522 525 524 522 518 515 519 516 513 514 515 516 521 525 521 524 529
451 456 458 463 475 472 474 471 468 462 459 463 461 460 461 464 463 465 478 480 483 482 483 486 484 482 483 481 477 478
384 538 382 383 381 537 536 383 385 384 536 535 384 538 383 382 534 532 531 529 531 528 529 525 520 524 528 531 532 534
324 322 323 321 322 325 323 326 329 332 330 331 332 334 332 330 329 331 329 327 326 323 325 323 321 322 319 320 323 326
180 178 176 173 174 172 171 169 173 171 173 172 175 176 173 172 168 142 148 145 139 138 134 132 124 122 116 115 114 110
320 319 321 320 318 320 321 322 319 317 319 317 318 319 317 316 317 316 314 312 313 312 314 313 314 316 318 319 321 324
373 371 369 368 366 368 371 374 371 373 375 373 371 370 369 365 368 370 369 372 371 372 371 373 372 374 375 377 376 377
369 366 369 367 362 360 357 358 360 364 360 359 355 356 361 358 360 364 363 359 360 364 368 371 373 370 372 371 373 375
408 407 410 412 414 413 415 414 413 412 413 415 414 413 410 409 408 405 406 405 403 400 402 400 403 405 404 402 403 401
586 587 585 580 581 583 578 579 581 584 585 590 593 597 594 591 606 607 611 605 609 612 579 583 587 585 588 583 587 622
307 309 307 305 306 304 305 303 301 300 299 296 294 295 298 299 300 297 295 298 299 298 301 300 298 301 299 296 299 302
428 427 429 428 426 428 427 425 424 426 425 427 429 430 428 426 425 426 427 429 428 429 428 430 431 429 428 426 425 427
464 466 467 469 474 475 465 464 466 463 462 478 465 463 461 464 460 458 457 459 456 451 450 454 450 451 448 450 448 450
11 9 10 8 10 8 9 10 7 5 8 10 7 9 7 10 9 10 11 13 14 15 16 19 22 19 23 20 19 21
14 13 14 15 16 14 15 16 13 15 17 22 25 27 29 28 26 23 26 25 22 24 25 26 25 27 30 33 36 37
466 469 472 470 468 478 479 478 481 480 482 480 476 473 469 466 463 462 475 474 477 473 478 482 478 480 479 462 478 480
346 352 349 355 356 353 356 350 347 351 348 345 346 349 352 355 359 353 351 354 351 350 345 347 346 345 349 347 346 348
24 25 23 20 23 20 23 26 28 27 25 28 31 28 25 22 25 24 26 28 27 30 32 34 35 32 35 34 32 31
520 525 529 531 534 382 537 384 537 384 539 542 539 542 544 542 543 542 539 537 538 537 383 538 540 542 544 562 561 558
302 301 298 299 296 298 300 299 302 304 305 307 305 303 301 300 301 300 298 297 300 298 300 302 303 306 307 309 308 306
146 169 165 141 165 166 161 156 157 129 152 157 154 152 130 127 122 124 131 132 121 123 124 118 117 121 125 129 131 136
140 138 134 132 131 121 132 130 158 129 130 132 134 133 136 340 345 349 354 351 349 352 358 360 357 362 356 350 354 351
303 301 299 297 300 299 297 300 301 298 301 302 301 302 299 296 295 293 291 292 293 290 287 284 283 280 282 280 278 277
204 201 200 203 206 208 207 206 204 202 199 202 205 206 207 208 207 205 202 205 207 204 203 200 201 200 202 201 203 206
195 196 197 194 197 200 202 205 208 209 210 208 206 203 204 207 206 204 203 204 202 205 207 206 205 206 207 209 211 213
201 202 200 197 200 198 199 200 198 201 200 199 200 203 200 202 203 204 207 206 204 203 205 204 205 207 208 205 202 204
1 0 2 0 2 3 5 7 5 7 5 6 5 4 6 7 5 4 7 8 7 4 3 2 3 1 2 4 7 6
215 213 212 210 213 214 211 212 213 214 213 211 209 211 214 216 217 218 220 221 219 218 215 213 211 210 209 210 209 211
226 225 223 225 223 224 226 225 224 222 224 222 220 217 215 217 218 217 218 215 212 211 214 211 213 215 212 214 213 212
318 316 318 320 321 319 317 319 321 320 319 318 317 316 318 316 318 319 318 316 318 320 321 323 320 318 316 314 312 314
623 586 589 610 611 614 616 610 589 593 620 615 611 610 588 589 583 589 592 591 587 584 589 585 582 583 612 608 603 601
17 19 23 21 24 22 21 22 18 22 25 23 22 21 18 17 15 12 14 15 18 20 18 22 23 20 22 25 27 30
443 445 447 449 448 451 455 459 461 463 461 463 458 455 460 463 475 478 481 482 479 478 468 462 463 459 463 465 466 468
514 517 518 516 520 523 525 521 517 513 518 516 515 512 513 517 516 515 512 511 513 511 512 510 511 514 511 510 511 514
12 10 7 10 8 10 7 10 12 11 10 11 13 10 9 7 9 8 7 9 10 12 14 15 13 11 13 11 10 12
291 289 291 293 292 291 290 288 286 289 291 293 292 294 293 295 296 295 298 295 294 295 294 293 295 292 293 290 287 285
576 577 575 578 577 579 583 579 577 612 613 608 611 610 613 579 582 586 624 626 625 630 628 631 632 627 623 590 593 597
447 446 448 449 451 454 456 457 452 449 448 450 448 446 448 446 447 448 447 445 446 448 445 443 445 448 446 444 442 441
390 391 394 395 394 395 393 390 387 388 385 386 385 386 384 385 386 387 386 389 387 388 386 389 391 394 397 398 399 401
228 226 228 227 226 224 226 225 226 225 224 222 220 221 220 219 220 221 223 221 223 221 223 222 223 224 226 225 223 222
535 384 538 384 539 542 539 541 543 542 545 547 550 549 550 548 551 548 552 553 554 556 554 549 548 566 548 547 544 542
628 627 622 593 598 599 597 593 592 593 589 621 589 584 579 576 579 613 583 581 583 612 609 615 609 604 603 602 607 615
94 93 89 88 87 88 92 91 87 90 87 92 90 93 90 91 94 95 94 95 99 98 94 95 94 93 92 95 91 90
452 456 455 453 456 453 456 455 452 454 455 457 458 479 474 476 473 471 467 473 478 483 482 481 482 483 480 481 484 480
192 195 197 199 201 202 205 204 205 208 205 207 206 208 205 202 203 202 205 202 200 199 198 195 196 195 198 196 197 198
450 448 450 452 456 451 450 452 456 458 463 458 459 460 457 453 457 456 460 461 463 460 455 456 453 454 457 454 452 455
160 157 161 156 157 153 156 152 153 162 167 142 141 145 141 137 165 167 168 172 169 167 162 165 163 168 143 169 167 163
492 494 495 492 490 492 491 489 490 492 494 492 489 491 490 493 490 493 491 493 496 499 501 504 508 509 510 512 515 519
512 509 510 509 512 514 512 513 515 514 511 513 510 513 514 515 514 517 520 521 516 513 511 508 507 509 511 509 512 513
21 17 19 21 17 21 22 18 15 13 10 8 10 12 13 12 14 13 15 13 14 12 10 7 9 11 13 14 15 13
321 319 322 321 323 320 322 323 326 324 327 325 322 324 323 321 322 324 323 321 319 318 320 319 322 324 327 329 330 327
331 332 334 337 336 341 345 343 133 343 347 351 352 356 355 350 356 354 356 359 363 367 369 370 368 365 364 367 363 357
367 365 367 370 373 370 368 369 367 364 361 356 352 353 356 357 361 363 365 369 372 369 372 374 373 372 369 372 370 368
77 80 82 83 82 83 81 84 85 83 80 82 84 85 86 88 89 91 92 88 86 87 86 87 91 92 93 90 89 91
403 404 401 400 402 403 406 405 408 405 407 405 404 401 400 401 398 399 401 402 404 403 400 399 397 399 398 396 393 394
577 580 581 582 586 587 590 621 618 617 615 617 614 610 612 614 608 604 606 591 586 624 629 633 628 632 629 625 630 632
355 354 355 354 355 351 346 347 348 352 354 350 352 348 349 353 355 358 353 349 344 347 348 343 342 337 343 344 350 351
420 417 415 417 419 418 416 415 417 418 416 414 415 412 411 410 411 413 414 412 410 409 407 408 411 412 410 412 414 416
366 368 367 365 366 361 356 351 349 352 353 351 348 344 348 350 355 358 352 357 359 357 358 363 365 360 354 356 352 353
283 286 288 290 293 292 294 293 291 293 295 298 301 302 304 305 306 305 307 305 307 308 311 312 311 312 313 312 311 309
22 23 20 22 21 18 21 23 21 24 22 18 17 20 17 16 18 19 22 23 19 21 18 16 13 12 10 11 12 13
429 431 430 432 431 432 434 432 433 434 436 434 435 433 434 433 432 431 430 432 431 432 433 432 431 433 431 433 431 430
460 461 459 463 461 465 463 462 475 469 470 473 474 477 482 477 482 478 473 472 475 478 482 478 473 471 469 465 466 467
131 123 131 133 131 135 138 137 165 141 137 130 124 118 122 119 118 121 118 124 131 124 118 124 125 132 135 131 128 132
605 606 592 596 600 599 596 602 605 606 608 610 617 611 608 610 608 606 582 606 605 603 608 611 617 592 590 621 590 595
347 343 339 342 345 339 343 133 135 131 130 132 131 136 131 124 119 121 118 114 113 108 112 111 107 110 116 122 118 116
255 254 253 255 252 254 255 256 255 257 255 254 252 250 248 249 251 250 252 253 256 258 257 258 256 258 256 254 252 251
350 351 353 359 363 364 365 363 360 365 361 362 356 355 356 351 151 154 148 347 343 347 351 353 349 343 344 340 140 337
548 556 559 557 554 550 552 550 548 551 549 547 550 548 549 546 547 545 543 546 549 566 560 557 558 557 558 555 553 550
637 639 643 644 642 641 636 631 628 627 631 634 630 625 623 624 622 619 615 607 608 611 615 609 614 617 596 590 589 620
293 294 295 293 295 296 295 292 291 292 293 292 291 292 293 292 294 293 290 293 294 293 294 292 293 290 289 291 290 292
93 89 88 91 95 97 101 103 105 104 100 98 99 100 97 94 92 93 96 99 102 100 103 99 101 102 101 102 99 100
489 487 489 488 486 485 488 487 490 489 490 489 490 492 493 491 493 495 498 501 504 508 510 508 511 509 506 508 504 503
621 618 617 610 607 612 606 591 602 606 605 610 592 607 604 610 605 607 592 590 621 623 620 610 592 622 589 620 589 622
528 525 520 521 516 521 517 516 518 517 519 520 525 526 528 527 524 527 528 524 521 524 520 519 523 528 531 528 527 530
515 518 519 516 513 514 516 514 515 516 519 522 526 531 526 521 526 521 516 518 515 513 511 509 511 510 511 513 512 514
626 623 625 624 621 620 589 585 588 591 587 585 582 609 613 610 617 616 613 612 610 607 610 583 589 620 619 618 617 592
40 37 40 42 45 47 43 47 45 43 46 44 47 44 45 42 40 37 34 36 33 32 30 33 30 29 28 27 25 22
558 560 564 561 546 561 559 562 559 562 545 548 556 557 556 555 556 557 558 557 547 548 547 560 562 543 562 560 559 548
453 457 460 459 458 463 461 459 458 456 459 454 458 454 456 455 453 452 450 447 446 444 445 448 447 445 444 443 444 442
434 436 437 438 437 439 440 441 439 438 436 438 437 436 439 441 442 444 445 447 446 444 442 440 439 438 437 439 438 436
58 56 55 54 51 49 52 54 55 54 53 55 51 54 52 56 52 49 51 55 58 57 56 53 52 50 51 49 50 55
136 340 336 341 336 339 345 350 347 151 155 154 148 142 139 142 137 141 138 136 132 136 138 136 135 138 142 162 160 162
590 596 601 602 592 594 600 596 593 595 600 599 595 602 604 610 620 622 623 620 593 592 602 595 600 601 604 603 600 603
599 597 594 596 594 593 587 590 623 628 630 629 625 628 626 622 625 627 624 590 621 622 627 632 635 636 639 643 644 641
547 546 560 562 565 567 570 569 568 567 565 566 548 547 557 553 551 549 551 550 552 548 566 562 543 541 539 537 383 536
196 194 195 196 195 196 194 192 190 193 190 191 193 191 190 187 189 190 191 192 195 198 196 198 196 194 195 198 197 194
363 364 362 367 368 366 369 367 363 360 362 364 363 364 361 357 360 361 364 368 370 367 369 368 369 370 367 368 369 370
636 632 633 634 630 627 626 631 634 629 628 629 634 639 636 640 635 639 634 635 639 643 640 636 638 634 629 626 630 631
381 536 537 538 537 535 533 529 524 519 520 521 525 529 524 528 524 522 527 529 524 527 529 527 523 522 525 527 522 526
96 100 99 97 93 95 94 93 95 94 92 95 96 98 101 103 102 103 105 108 112 115 117 116 113 111 113 119 114 113
338 337 140 136 141 144 143 169 173 172 168 170 171 172 169 171 166 171 172 168 142 138 137 161 162 159 161 162 158 156
81 82 79 82 85 86 88 89 86 84 80 84 85 84 80 77 74 71 72 69 68 69 70 72 69 68 66 65 67 65
524 529 530 527 530 529 532 530 532 534 381 382 380 381 383 538 537 384 535 382 534 535 537 536 383 381 383 534 535 536
387 385 384 536 382 383 537 384 535 382 383 537 535 536 535 536 382 380 378 379 377 375 377 379 380 379 381 382 537 384
419 420 419 420 421 423 422 420 419 420 418 419 421 419 421 422 420 418 416 418 419 421 419 418 417 416 418 420 419 420
345 343 340 342 343 136 139 145 144 143 140 143 145 138 142 166 168 169 172 168 170 166 168 142 138 134 132 129 132 124
216 218 216 218 219 221 222 221 223 224 225 223 224 223 224 223 222 220 221 222 221 220 217 220 221 222 223 225 226 228
292 290 289 292 290 292 293 292 290 287 289 286 289 286 284 282 285 287 284 282 283 285 284 287 285 282 281 280 279 281
79 76 79 80 79 77 75 73 71 68 71 70 72 71 74 73 75 74 73 76 73 75 78 80 82 85 84 83 86 85
98 96 94 96 99 95 98 99 96 100 104 103 105 108 111 109 110 107 110 109 111 113 117 123 128 152 129 125 119 117
263 262 263 261 262 264 265 264 263 264 266 265 267 269 270 272 273 272 271 273 274 271 270 269 271 274 276 274 271 269
30 33 30 28 26 24 25 27 30 31 29 30 28 27 25 24 23 21 18 15 13 16 14 15 16 13 14 15 17 19
127 123 126 131 128 125 120 115 118 113 116 114 110 113 112 111 108 107 108 107 110 105 110 114 120 123 124 128 129 122
246 248 249 251 253 256 254 255 252 254 251 249 250 249 251 252 255 256 253 256 254 253 255 257 258 256 257 258 260 262
92 94 95 99 98 102 98 100 99 102 101 102 104 102 100 104 107 110 112 117 115 113 118 119 115 121 117 121 125 123
275 277 278 275 276 278 280 279 281 282 284 281 279 281 282 285 284 281 279 280 278 277 274 273 274 273 274 276 277 275
266 267 265 266 268 271 274 276 277 276 278 279 277 278 280 278 280 282 283 286 288 291 293 291 289 292 294 292 289 286
344 345 350 344 341 336 338 340 337 140 139 137 145 146 147 142 147 145 149 165 170 169 146 141 140 340 338 339 342 338
541 544 542 539 542 545 542 544 545 542 540 538 382 535 384 538 539 384 386 387 388 389 390 391 392 394 393 392 393 390
375 373 372 370 372 369 365 369 370 368 364 362 358 359 362 356 361 363 367 363 365 369 366 364 363 367 365 366 368 366
603 602 592 591 622 619 618 616 613 612 579 613 614 617 618 617 614 617 616 610 616 620 593 620 610 609 607 611 605 603
505 503 501 503 506 505 506 505 503 502 505 508 510 512 509 512 513 510 513 517 518 519 520 525 520 519 518 514 511 513
581 578 581 578 577 612 583 609 608 604 608 606 592 590 624 630 635 636 632 630 635 632 628 623 625 626 625 629 632 637
252 250 249 247 246 245 246 244 246 247 246 245 244 246 245 243 244 246 245 244 243 245 243 244 246 245 246 247 249 247
83 80 82 80 84 83 84 86 88 86 84 80 81 84 83 85 82 79 78 80 78 76 78 80 83 82 79 77 75 72
72 71 73 76 74 73 74 73 74 71 68 66 64 66 69 67 64 63 62 60 57 56 57 54 55 50 52 51 50 49
251 254 251 254 252 253 254 255 254 256 254 255 252 251 252 255 253 254 251 254 256 255 254 252 253 254 255 253 254 251
9 8 5 8 6 5 6 7 6 4 7 9 11 9 10 8 9 7 4 7 4 7 5 3 1 2 3 4 5 7
78 77 78 75 74 72 74 73 75 72 74 75 77 79 77 74 72 69 68 69 68 67 70 69 72 70 73 74 75 73
144 148 144 142 144 165 149 153 130 134 138 134 132 124 118 122 124 131 125 120 118 117 116 118 120 118 121 119 115 109
494 495 493 492 494 496 494 497 494 496 499 498 499 497 494 495 493 492 490 491 488 489 491 493 495 492 491 492 490 493
423 422 424 426 428 429 427 426 428 429 430 431 430 429 427 426 425 427 429 430 429 427 425 424 422 424 426 424 425 424
506 509 511 510 513 514 513 517 520 523 521 519 515 512 515 519 522 521 517 518 522 524 520 519 523 519 522 524 526 522
84 82 83 81 78 80 82 80 84 85 83 85 83 81 78 75 74 73 70 69 66 65 67 70 69 72 74 73 74 73
122 119 124 127 122 120 119 124 131 133 137 165 162 166 142 144 140 146 169 164 160 162 166 168 169 142 139 140 145 137
187 190 191 190 187 186 188 189 192 195 193 196 197 198 195 196 197 196 194 197 200 197 195 192 189 187 188 191 189 188
404 406 408 411 412 410 413 414 415 417 415 416 417 415 412 410 408 407 409 407 406 405 407 408 406 405 406 404 403 400
467 464 461 459 458 455 458 454 451 455 456 454 457 455 453 456 452 457 461 465 468 474 479 462 478 476 475 473 467 470
397 398 399 400 403 402 404 406 403 401 403 402 399 401 404 407 409 407 405 407 404 402 404 407 406 404 407 409 412 414
76 74 76 75 77 75 77 75 77 74 71 74 72 71 70 71 73 70 68 66 68 70 71 73 74 77 80 84 83 82
470 469 468 464 466 468 474 473 468 462 458 461 460 462 468 471 469 474 472 469 471 472 473 475 465 475 463 461 460 458
326 327 329 327 325 322 323 325 322 321 324 321 320 318 319 317 315 313 314 315 317 319 321 324 321 323 322 319 317 316
427 425 424 422 421 420 417 416 417 415 412 415 412 410 411 410 409 407 405 402 404 403 405 407 404 405 402 399 400 398
631 633 636 635 638 642 639 638 639 638 636 632 626 628 631 636 634 636 635 640 636 632 630 627 626 628 624 623 629 633
553 549 553 550 547 557 559 560 548 553 549 548 550 548 554 555 553 550 549 550 548 560 563 561 546 543 544 545 544 542
243 241 243 244 245 244 246 244 242 240 238 240 239 240 238 237 238 240 239 240 239 241 240 239 241 239 237 236 235 237
95 94 95 94 97 93 91 89 92 87 88 87 88 92 95 96 101 105 107 105 101 99 97 102 97 101 104 103 99 101
310 312 314 313 311 308 311 313 314 313 315 316 317 316 314 313 311 313 311 308 307 308 311 308 310 308 307 305 306 305
430 432 434 433 431 430 428 430 429 427 426 428 426 425 423 421 423 422 424 422 420 418 417 420 418 416 414 413 412 414
329 332 331 333 332 335 337 340 337 342 337 341 345 348 346 349 354 357 356 361 363 364 362 367 365 367 364 363 366 361
351 355 356 355 361 356 351 352 348 349 346 343 136 139 137 133 339 340 136 343 345 344 342 347 352 356 353 356 352 346
589 586 587 590 596 592 589 582 580 612 611 613 583 581 583 579 584 589 606 603 600 595 593 622 625 622 621 618 619 618
208 209 207 204 206 204 206 207 206 208 205 208 207 204 205 206 203 206 203 202 203 200 198 201 203 205 208 210 212 215
436 438 437 439 436 437 439 441 439 437 435 433 432 433 434 436 435 437 435 436 435 433 435 437 439 436 437 438 440 439
73 71 72 73 71 70 67 66 69 70 73 70 73 71 72 74 72 70 69 67 68 71 70 73 75 73 74 72 75 77
379 380 382 381 382 537 535 537 382 384 537 384 536 538 539 538 536 537 535 382 537 383 382 536 537 381 382 384 537 382
469 471 473 478 483 486 485 488 491 492 491 488 490 487 485 486 485 487 489 491 493 491 489 488 489 487 485 488 487 490
507 510 507 505 508 506 504 502 500 499 496 498 500 503 501 503 505 508 505 504 505 502 498 502 498 502 501 502 499 496
501 504 506 503 507 505 504 506 507 509 511 508 509 512 510 513 511 514 513 515 512 514 517 516 520 519 516 520 524 522
181 178 181 183 181 178 181 179 180 182 181 184 181 178 181 182 183 181 183 185 186 188 189 191 188 186 187 186 184 185
571 569 570 571 575 578 575 578 580 581 580 585 582 609 614 611 605 608 610 583 588 586 585 588 585 581 580 581 579 582
124 131 129 125 121 115 114 119 113 118 119 114 109 106 104 99 95 92 87 86 83 81 78 77 80 81 82 79 80 78
164 165 168 169 165 166 164 146 169 171 167 142 137 142 137 136 145 140 144 141 136 131 126 128 126 127 124 128 157 161
237 236 235 237 236 234 235 233 234 232 234 235 234 235 234 236 238 239 238 236 234 235 233 230 229 228 230 229 231 232
259 258 259 261 260 262 264 263 262 260 258 259 258 257 255 257 259 258 260 258 259 258 257 255 252 253 252 254 253 256
438 436 438 437 439 438 436 438 439 438 437 438 439 438 436 438 440 438 437 435 436 434 432 431 430 432 434 433 432 431
143 166 165 168 171 174 177 179 178 176 175 174 172 170 171 170 172 171 172 173 169 168 172 168 171 166 143 142 144 142
592 588 606 609 606 602 607 612 614 611 606 609 607 611 612 606 602 604 609 613 616 613 612 614 609 607 610 604 601 599
579 578 581 583 588 582 585 589 587 590 589 610 605 609 613 579 581 585 584 583 579 583 581 578 577 578 577 575 572 569
7 5 8 9 10 8 7 5 8 5 4 3 4 3 1 0 1 2 0 1 0 1 2 3 4 2 0 1 3 4
8 7 8 9 11 10 7 10 7 4 5 4 5 7 5 6 4 7 10 7 4 7 9 11 10 7 5 6 4 5
595 598 595 598 599 598 597 600 599 600 599 602 603 592 620 592 587 584 587 583 587 589 583 579 581 578 580 581 583 578
174 170 174 173 170 173 174 172 169 165 168 166 162 149 151 154 156 157 162 150 155 157 129 127 122 125 120 124 128 129
389 390 392 390 391 389 390 391 389 388 391 390 389 390 392 394 396 394 396 395 397 396 394 391 388 386 388 390 387 389
372 373 374 371 372 374 375 376 377 376 377 375 374 372 373 374 376 374 372 369 367 363 358 357 358 356 352 347 350 345
499 500 499 500 497 498 502 504 501 502 504 507 506 504 507 509 508 505 503 505 503 504 501 498 496 497 499 501 500 501
439 440 442 444 442 440 442 444 446 445 444 443 445 443 445 447 446 444 443 442 444 446 447 450 447 448 449 446 448 446
536 534 533 531 529 526 529 526 521 520 516 513 514 518 513 510 511 512 513 514 516 521 524 525 524 528 524 523 518 513
602 606 582 589 620 592 603 602 605 603 604 601 595 598 595 598 600 599 593 590 592 610 592 589 588 593 587 586 584 585
34 33 32 35 36 33 30 28 26 27 30 29 31 29 28 27 28 31 32 34 37 38 35 33 30 27 26 28 30 28
267 269 268 266 265 264 263 262 260 261 263 264 262 263 262 261 262 260 259 260 258 257 255 252 253 251 254 251 252 255
491 489 491 492 491 488 487 485 483 481 476 473 470 472 470 472 473 474 473 471 473 474 475 480 484 479 474 473 467 471
4 3 1 0 1 2 1 0 1 0 2 0 2 3 5 3 4 3 5 4 6 5 3 1 0 1 3 4 6 4
327 330 333 334 336 339 338 334 333 334 335 337 139 340 345 342 340 140 337 339 133 136 130 135 139 141 144 147 150 162
150 149 146 141 144 140 148 146 152 350 355 350 356 350 346 344 346 343 136 148 136 130 125 119 125 123 128 152 153 150
193 195 196 194 193 196 194 195 197 198 201 204 202 203 202 203 201 202 201 203 201 203 202 201 202 204 202 199 200 202
474 468 470 472 467 469 474 471 466 463 460 457 455 456 454 451 452 455 453 455 454 459 454 457 454 450 447 445 446 443
265 263 262 261 262 263 264 265 264 266 265 267 269 268 271 272 274 277 275 274 273 272 275 276 275 276 275 273 271 268
417 416 417 419 417 415 412 410 407 405 408 406 404 403 404 406 407 404 406 409 407 408 407 409 406 405 407 406 409 408
513 511 514 517 520 519 521 519 515 513 514 513 510 508 505 502 505 506 503 500 498 501 498 497 496 498 500 503 500 501
600 599 601 596 590 622 593 591 596 617 620 621 617 611 615 612 606 589 623 625 626 624 623 629 631 632 637 639 642 641
437 439 438 439 440 442 441 443 446 444 445 443 442 444 443 444 445 446 445 447 448 449 451 450 448 447 448 445 446 449
359 357 361 356 354 358 361 358 359 358 354 350 352 347 343 136 340 343 346 352 358 363 357 360 355 357 360 362 361 363
111 109 114 116 111 106 108 107 106 108 107 109 113 114 112 109 112 109 112 111 113 110 106 111 113 115 118 122 128 158
152 146 148 136 138 134 131 133 128 133 129 128 123 125 132 121 115 109 111 116 111 109 115 109 115 110 113 114 116 111
527 525 520 522 520 523 522 525 523 522 520 525 529 531 526 523 519 516 517 514 516 520 516 521 516 518 516 515 512 513
368 364 362 363 358 361 359 354 358 352 350 352 353 354 356 362 360 357 353 358 355 359 362 364 365 361 362 356 350 355
415 413 412 411 412 409 407 409 412 410 411 409 408 405 404 405 402 399 396 395 393 390 391 392 391 389 387 389 387 388
449 453 452 456 459 455 453 455 456 457 452 453 457 458 453 449 451 453 458 479 480 481 484 479 462 464 460 456 458 479
236 234 235 233 234 236 238 237 236 238 236 235 234 233 235 234 236 237 235 233 232 234 233 235 237 235 237 235 236 235
74 72 75 77 74 77 79 78 76 77 76 78 76 73 70 73 70 73 76 77 75 76 77 74 77 79 82 81 82 80
316 314 313 312 310 311 313 312 313 312 311 312 311 312 311 309 310 311 312 310 308 310 311 313 312 311 313 312 314 312
89 86 87 92 94 97 94 97 98 97 96 99 100 97 93 97 99 101 102 99 102 103 100 102 97 96 100 99 97 95
402 400 399 398 395 394 395 394 392 393 394 393 394 395 394 391 389 387 390 393 391 392 391 392 394 393 391 392 390 388
279 281 283 282 285 286 283 284 286 287 289 290 293 294 296 298 300 301 302 299 302 301 299 296 295 298 299 300 302 299
241 239 237 236 237 236 235 236 235 233 234 232 230 231 233 232 231 232 233 231 229 227 225 223 221 220 222 220 221 223
406 404 406 405 406 403 400 398 397 395 398 396 395 398 401 403 401 403 401 398 395 397 396 394 395 393 390 387 386 385
400 402 399 398 397 400 401 399 401 402 399 401 399 400 399 398 399 401 398 396 399 401 403 406 408 405 404 402 405 404
597 593 594 596 600 594 588 589 610 613 608 603 604 610 614 609 613 612 608 611 605 588 622 586 587 585 582 587 586 584
612 611 605 609 613 615 617 596 602 606 612 577 575 576 575 574 575 576 578 580 577 576 573 572 570 567 569 571 573 575
256 257 256 257 259 261 259 260 258 259 261 260 261 263 265 267 266 265 264 262 261 259 261 262 260 262 264 266 268 270
103 104 100 104 107 105 101 103 100 102 100 102 103 100 96 92 94 91 95 96 95 92 88 86 89 86 84 85 86 84
462 478 474 471 467 470 472 474 478 482 479 482 485 487 490 489 492 491 488 487 488 490 487 489 487 488 490 493 495 493
481 479 480 483 486 485 488 487 490 487 490 492 495 497 495 492 491 493 495 498 499 496 494 493 491 489 491 490 491 489
588 586 624 625 623 589 594 600 601 600 595 593 622 620 622 594 597 599 597 594 622 587 584 582 584 582 581 580 577 579
269 270 272 274 272 270 271 268 266 268 266 267 265 267 268 269 268 266 268 271 269 267 269 271 274 276 275 272 271 269
334 338 336 333 331 330 329 331 334 335 338 339 336 139 340 341 337 341 339 335 337 343 346 344 339 342 339 341 339 136
99 97 100 104 103 102 98 95 94 93 89 92 96 94 95 97 98 99 97 102 98 97 93 92 94 97 101 103 105 106
162 149 158 128 153 155 154 158 153 128 133 130 134 133 136 343 338 335 334 333 336 333 335 334 332 330 328 329 332 331
224 225 227 229 228 227 228 230 233 230 233 232 231 232 231 233 234 236 234 232 230 232 230 229 231 233 230 231 230 229
483 486 484 485 484 485 487 485 484 479 477 480 481 478 465 463 460 464 462 458 455 460 457 453 452 457 459 456 458 457
277 278 275 272 274 272 271 272 273 276 277 276 278 275 274 275 273 274 272 270 271 270 272 273 271 269 270 268 271 269
643 644 640 635 633 628 629 632 629 630 631 634 631 634 631 630 625 628 630 635 631 629 634 629 634 638 635 636 641 643
120 125 121 131 128 126 128 131 129 152 130 149 162 156 157 161 164 161 149 151 155 150 146 150 162 165 144 143 147 143
53 54 55 54 51 55 51 48 44 41 42 40 41 40 42 46 47 42 41 43 41 43 46 47 49 48 46 49 50 47
616 619 620 622 593 621 624 630 632 627 632 635 632 626 629 626 630 634 635 633 630 628 624 623 627 624 623 629 625 629
333 332 330 329 330 331 334 331 329 326 325 326 328 330 327 325 328 325 328 326 324 326 324 322 324 325 326 327 330 331
166 164 166 161 159 160 157 152 157 161 146 164 142 166 169 164 168 163 161 165 163 165 168 163 160 164 161 156 158 161
46 49 50 49 46 48 46 43 41 43 41 44 46 45 46 42 43 44 48 49 48 51 50 54 52 53 56 59 58 55
343 133 129 127 124 126 123 131 134 132 131 121 126 127 130 128 124 126 129 152 146 166 167 171 170 171 168 169 167 168
613 579 577 576 578 575 572 570 567 570 569 570 572 573 572 573 572 573 574 571 572 569 568 549 552 550 547 546 544 545
608 606 608 610 620 618 616 613 583 581 580 582 584 579 578 583 580 581 583 588 606 611 605 607 608 603 607 604 601 604
606 612 611 617 620 623 625 628 632 629 633 629 631 633 636 637 632 628 631 630 634 635 638 635 638 636 631 635 637 633
601 596 597 596 592 596 594 599 596 592 620 622 624 622 586 583 582 589 593 589 583 589 582 589 590 593 587 592 591 589
393 390 387 390 388 386 385 386 388 391 388 387 386 389 390 391 390 391 390 392 395 392 390 387 386 384 535 384 535 534
172 174 170 173 169 164 162 163 168 142 148 142 147 144 142 166 146 164 160 159 160 163 167 162 159 158 162 161 167 164
572 571 572 574 577 612 609 607 603 602 591 588 582 580 581 585 584 582 580 585 580 577 580 585 583 609 614 608 609 610
33 32 29 26 23 21 24 23 24 27 30 32 30 28 27 25 28 31 29 27 24 21 24 21 19 17 21 20 22 25
561 545 546 543 541 542 539 537 535 537 384 537 382 535 534 535 383 381 380 382 539 542 539 541 542 540 541 540 542 543
23 24 22 25 23 21 19 22 19 22 20 23 20 19 17 14 12 10 11 10 11 12 10 8 7 9 7 10 13 16
190 193 191 192 191 189 191 193 192 193 195 193 195 194 196 197 195 198 201 203 205 204 205 207 209 207 208 206 207 209
284 286 283 285 284 285 286 288 285 286 287 285 288 286 289 286 283 280 281 284 282 283 286 289 290 289 290 287 286 284
304 306 304 303 304 302 304 302 301 302 303 306 307 305 304 302 304 306 304 302 301 302 299 296 297 296 298 299 300 298
69 70 69 68 71 69 68 71 73 76 74 77 79 80 82 84 85 86 85 83 86 85 86 85 82 85 87 90 91 88
3 4 2 3 1 2 4 3 2 4 5 3 1 2 1 3 5 3 4 7 6 5 6 7 5 7 6 8 10 11
135 130 152 350 151 155 149 155 152 147 148 147 149 148 144 140 135 139 140 142 139 337 338 340 345 340 342 340 336 334
378 379 380 379 381 383 538 384 386 387 390 393 394 395 398 401 400 399 398 395 392 395 396 393 394 392 391 389 391 390
496 494 493 491 492 495 494 493 496 499 501 502 501 499 501 500 499 501 499 503 505 507 504 501 500 501 503 504 507 504
114 120 117 118 122 119 117 114 109 113 110 107 108 107 109 106 109 115 113 115 117 118 113 110 111 107 111 107 104 99
123 125 127 124 125 119 122 121 125 119 120 123 126 121 122 120 123 128 124 119 121 126 121 116 118 113 117 123 117 118
91 89 91 92 87 86 85 84 80 84 82 80 83 80 82 85 82 81 82 80 84 87 88 92 88 87 89 87 90 91
306 305 306 307 309 307 305 307 309 311 308 306 305 306 304 306 308 307 306 308 311 308 306 303 304 305 307 306 307 309
176 177 174 177 179 178 181 183 181 179 177 175 173 175 174 172 171 166 163 159 160 162 165 144 149 145 146 140 148 144
282 281 280 279 281 284 282 285 286 285 287 286 284 287 284 285 282 280 278 276 274 272 271 272 273 276 278 275 274 273
26 27 30 28 30 29 30 27 29 31 30 31 30 32 31 29 31 32 34 31 32 34 32 31 28 31 34 35 38 36
197 199 198 199 202 205 207 208 209 208 206 207 208 210 208 207 209 211 213 210 211 209 211 209 208 205 207 209 207 206
239 237 239 238 237 238 239 238 239 237 236 234 232 230 231 230 228 230 231 232 231 229 227 228 227 225 227 226 224 222
177 178 176 174 172 173 172 169 170 171 166 142 166 142 169 170 169 143 149 145 142 148 147 150 155 150 149 155 150 153
312 310 312 311 313 314 316 318 319 318 320 319 320 319 322 325 326 325 323 325 327 325 328 331 329 327 329 332 335 333
119 120 116 119 121 117 115 118 115 113 119 124 131 132 121 125 123 121 118 112 109 115 118 113 110 106 105 101 100 98
189 187 186 188 189 186 185 186 189 190 189 190 192 193 194 193 190 193 196 193 191 192 193 195 194 193 194 193 191 193
516 520 517 519 523 520 523 520 523 526 529 526 531 533 534 535 536 537 535 536 535 537 535 384 536 538 382 538 539 384
52 55 58 57 60 62 65 63 64 65 67 66 68 70 72 70 67 64 66 67 68 67 65 62 61 59 61 59 58 59
511 508 510 512 514 517 521 520 519 517 521 523 519 518 523 521 520 523 522 523 518 516 519 517 519 515 514 511 512 513
271 273 274 277 279 281 284 287 284 281 284 281 284 287 286 284 281 282 280 281 284 286 285 284 283 280 278 279 281 283
498 500 498 499 498 495 493 492 490 492 494 496 497 495 497 494 492 491 492 494 493 494 495 492 495 493 492 489 486 487
298 297 298 301 302 303 306 304 303 304 305 306 304 306 305 303 301 302 303 302 300 299 300 302 299 300 297 299 298 296
16 19 23 21 20 19 16 19 21 18 22 23 20 23 25 26 25 23 24 25 22 23 20 21 17 16 13 16 18 19
477 473 476 474 476 479 482 485 488 489 487 488 486 483 480 478 479 480 484 481 476 480 484 480 484 483 485 483 480 484
557 555 554 557 558 557 559 558 556 553 549 568 570 571 568 565 560 559 557 554 548 556 558 559 560 557 556 548 549 551
156 150 156 157 158 128 153 157 161 142 144 146 148 145 162 158 154 156 149 162 160 156 160 158 149 165 146 151 147 142
158 159 155 152 151 146 142 164 168 142 140 139 145 161 159 155 151 148 151 146 166 163 168 166 143 140 138 135 137 140
360 356 355 349 343 340 344 342 341 343 339 343 345 343 338 340 339 139 339 341 336 339 345 340 345 346 347 352 357 352
54 56 54 56 58 60 61 60 57 58 56 55 57 55 52 56 54 53 55 58 57 58 60 59 60 61 62 59 61 62
121 116 114 116 122 123 117 113 109 107 105 110 113 119 123 126 124 119 125 126 122 120 122 126 122 119 117 116 114 110
286 288 291 289 291 288 286 283 282 281 283 284 285 288 287 284 285 286 284 285 283 282 281 280 281 283 286 285 286 284
376 377 375 373 372 374 373 371 368 364 366 363 367 366 368 365 368 369 366 363 360 357 360 363 365 368 367 365 367 363
456 455 452 454 453 450 448 449 448 445 443 442 444 445 443 442 444 442 441 442 440 442 444 445 446 447 448 445 446 447
294 293 292 290 288 285 284 287 288 285 282 281 282 280 282 280 278 279 280 283 280 278 275 276 274 272 270 272 274 271
531 526 529 533 535 533 535 533 529 531 533 535 536 534 533 532 534 381 534 533 534 531 534 531 533 535 536 381 534 533
64 67 66 68 70 67 70 72 71 74 76 79 81 80 83 80 78 76 74 75 77 80 82 84 81 83 84 80 81 82
188 186 185 186 189 190 192 190 187 189 192 190 187 190 193 195 194 193 196 197 194 196 194 196 198 200 203 200 199 201
51 48 51 54 50 47 44 43 44 45 46 43 47 48 49 50 49 47 46 48 44 43 42 43 47 44 42 46 45 43
219 220 217 218 219 221 223 222 220 219 221 219 217 218 216 214 215 217 215 214 211 212 210 209 207 205 203 206 205 207
563 560 558 559 546 547 549 546 559 558 554 552 555 558 560 548 566 568 569 570 569 572 569 566 563 564 567 566 562 559
567 570 572 573 572 574 572 573 572 575 574 572 570 572 573 570 573 574 576 573 570 573 576 577 579 582 586 623 627 622
285 282 281 284 287 289 286 287 285 288 287 289 292 295 294 293 295 292 291 290 291 289 292 293 291 288 291 293 292 293
132 131 136 140 148 145 146 169 146 169 170 171 169 164 161 136 141 146 165 146 147 151 350 351 348 351 353 354 352 346
305 307 308 306 304 302 304 305 307 306 305 304 302 303 306 307 309 308 311 309 308 309 308 307 306 304 306 307 308 311
362 367 369 366 368 370 371 372 371 370 369 368 366 365 366 369 368 367 369 370 371 374 375 373 372 374 372 370 369 371
385 388 389 390 387 385 386 384 538 382 536 537 538 536 535 536 534 536 381 383 381 534 532 528 523 518 523 519 516 519
421 419 417 415 412 414 415 413 410 409 410 411 409 408 406 405 406 404 402 404 406 409 412 415 416 415 414 412 410 411
290 287 288 290 291 292 295 296 295 294 295 298 301 299 297 296 294 292 289 286 284 281 284 287 289 286 284 283 286 283
173 172 174 170 166 169 171 170 174 175 173 172 174 176 173 175 173 175 172 173 176 178 179 178 180 182 181 182 183 185
70 72 70 72 73 76 75 73 71 73 71 74 77 78 81 84 83 86 89 86 85 88 91 90 91 89 86 84 82 83
273 275 272 275 276 275 273 275 276 277 274 271 274 273 275 272 273 272 274 275 278 280 282 281 283 281 282 284 281 284
364 368 365 368 369 371 372 373 375 374 375 377 378 376 375 376 374 371 373 370 367 369 372 371 368 365 364 362 364 363
508 510 509 510 513 517 515 512 513 518 519 522 527 529 526 529 525 520 521 525 528 532 534 381 534 531 529 527 523 521
432 430 431 432 433 432 434 432 430 432 430 429 428 430 431 429 431 430 431 433 431 432 430 432 430 429 431 429 428 429
569 568 566 560 558 548 566 560 546 560 564 562 564 563 560 566 561 564 560 557 552 551 550 548 556 558 561 563 566 560
523 528 531 526 529 525 530 527 524 523 525 528 532 530 528 530 531 533 534 381 536 535 383 537 538 383 382 536 382 383
380 382 534 382 537 535 384 386 384 539 542 539 382 535 533 535 534 535 533 530 531 530 532 530 527 531 534 382 537 538
634 636 632 634 635 636 638 641 636 637 639 641 638 639 638 641 636 631 636 633 630 633 638 637 633 635 640 643 641 643
500 503 506 504 507 506 503 507 508 504 506 507 505 503 506 507 506 508 510 508 507 504 506 505 502 501 499 496 495 492
629 627 625 623 624 622 627 622 627 623 621 619 620 589 620 615 617 592 602 595 590 586 591 586 624 586 623 625 626 625
43 44 45 46 48 50 54 51 54 56 57 56 55 54 52 51 50 54 52 49 48 44 46 49 51 53 55 50 47 48
10 12 14 17 18 20 17 15 17 15 13 14 15 17 19 18 21 20 23 26 23 24 21 18 15 12 15 13 16 17
555 554 551 554 551 553 549 554 556 557 559 546 559 548 566 563 561 558 557 553 550 554 555 558 560 558 557 553 551 569
159 157 154 149 155 157 156 149 146 150 145 149 157 128 123 117 114 116 121 122 125 122 117 115 113 111 117 119 118 116
640 639 634 633 629 633 638 636 640 639 635 634 630 626 625 630 635 633 632 626 625 623 629 632 630 624 622 588 587 585
562 543 541 543 545 547 549 566 562 545 560 564 562 543 545 544 547 560 558 556 555 554 549 566 562 566 560 566 563 561
301 302 299 296 297 296 295 298 296 298 300 297 298 295 292 295 298 301 300 302 300 299 300 302 300 302 299 297 299 302
280 283 284 285 286 288 287 288 290 289 287 289 291 290 293 291 292 295 292 291 290 292 294 295 296 299 298 299 302 300
587 583 589 591 590 596 595 600 601 604 605 603 605 602 591 592 594 590 592 606 607 612 611 613 579 582 583 609 608 610
232 231 233 232 234 235 236 234 232 234 232 231 230 232 234 233 231 233 230 232 230 233 232 230 233 235 237 235 237 239
116 112 109 110 109 107 110 106 105 107 108 110 116 122 128 131 132 130 134 130 128 125 121 125 124 131 124 120 121 131
240 239 241 239 238 240 241 243 244 242 241 239 241 243 242 244 242 244 242 244 246 248 247 249 247 246 244 245 247 246
117 119 118 123 131 121 120 126 125 130 127 124 120 119 124 120 117 112 107 106 111 109 108 111 108 110 106 105 101 99
260 262 260 262 260 261 262 261 263 265 263 265 264 266 267 269 271 274 277 278 275 278 280 279 277 276 277 276 277 276
490 489 492 495 496 493 494 493 490 489 486 485 487 488 487 488 487 486 489 491 493 496 495 498 496 494 492 490 493 492
27 24 27 24 23 21 19 20 18 15 14 16 18 15 16 17 19 16 17 21 23 24 26 27 28 29 31 34 31 34
0 2 1 3 4 3 4 5 8 10 11 10 11 13 14 16 13 11 13 12 11 12 15 13 11 10 13 15 17 19
446 445 448 450 447 450 454 450 448 447 450 447 445 446 447 449 453 455 460 457 461 462 461 465 462 458 462 468 474 479
42 40 42 39 42 43 41 44 48 51 50 53 54 52 49 47 43 47 44 43 46 47 50 48 44 47 48 46 44 47
102 97 95 93 89 92 94 93 89 92 88 86 84 82 85 82 84 83 86 84 80 84 82 84 80 84 86 84 85 83
258 260 261 263 265 263 264 262 264 265 263 265 263 262 263 265 266 265 266 264 263 262 264 265 263 265 263 261 260 258
245 247 246 248 249 251 252 253 256 255 257 258 257 255 254 255 252 254 253 255 256 257 259 257 256 253 254 251 249 251
314 316 318 317 319 322 323 321 320 321 323 325 327 324 326 327 329 331 328 326 324 326 323 321 322 319 317 316 317 316
559 557 548 547 544 562 560 565 564 561 546 562 564 563 564 567 569 567 565 567 565 561 545 559 548 559 545 561 562 564
249 250 251 250 252 254 253 252 255 253 251 252 253 254 252 253 254 256 253 254 251 250 252 253 255 254 252 254 256 255
295 297 296 297 299 301 302 303 305 303 304 302 303 304 306 305 306 307 309 307 306 303 301 299 297 296 297 295 293 294
257 258 259 257 258 257 259 260 261 260 261 259 261 262 263 262 260 259 261 259 260 262 261 263 264 266 268 270 271 269
335 339 344 345 339 338 343 346 341 343 136 140 340 339 345 349 348 351 347 342 347 346 349 352 356 352 357 354 357 353
163 167 162 164 137 161 158 149 162 157 152 128 125 123 126 131 121 117 118 112 115 121 119 121 119 125 131 134 133 339
361 365 360 354 352 354 351 356 350 347 342 346 350 151 347 348 345 344 342 340 337 338 339 336 339 335 333 336 139 337
542 543 541 543 562 543 545 559 547 549 548 560 565 563 566 562 563 561 564 567 569 567 565 562 543 541 540 541 540 542
488 485 484 486 484 487 488 487 488 487 490 489 490 493 490 493 492 489 487 486 484 483 484 483 484 483 485 486 484 482
598 600 592 588 587 585 586 623 625 627 632 636 634 629 623 625 629 632 628 629 627 629 624 590 595 598 597 593 617 621
357 363 367 370 372 373 374 376 377 376 374 376 377 376 377 378 376 374 371 368 365 363 362 357 352 349 350 348 346 347
484 481 478 465 469 466 468 474 473 472 475 478 479 474 476 473 476 473 472 473 467 465 464 462 464 462 475 465 461 460
487 490 488 489 492 493 494 493 492 494 492 495 496 498 499 503 500 498 495 494 496 499 501 499 497 496 499 501 504 503
209 210 212 211 212 211 210 211 214 211 213 215 216 218 220 221 219 221 222 221 223 222 221 222 220 217 218 217 220 218
356 352 347 342 347 345 339 343 338 341 340 140 144 141 144 150 145 143 145 139 140 144 141 140 141 139 141 139 135 140
433 431 433 431 433 434 432 431 432 430 429 427 425 427 428 426 428 426 427 429 431 433 435 437 435 437 439 441 442 440
348 346 351 353 358 363 361 364 368 365 362 359 362 356 358 352 356 354 353 358 360 358 363 361 356 352 354 350 352 346
129 152 153 129 158 156 155 152 347 350 353 357 355 358 361 357 354 352 353 352 357 356 362 358 362 363 359 354 355 352
19 18 20 17 18 21 18 17 16 14 17 21 19 16 19 20 22 20 19 20 19 21 17 18 16 14 12 13 16 19
39 42 39 38 41 38 40 41 42 43 47 49 48 50 53 56 53 52 49 52 55 52 56 54 53 54 53 50 48 49
550 548 545 542 545 546 549 547 550 547 545 560 565 568 549 546 543 562 566 561 562 563 565 560 558 555 556 554 557 555
609 583 585 588 591 622 625 630 633 628 625 627 629 627 632 627 623 628 627 629 631 633 637 634 630 633 634 633 629 627
234 235 236 237 238 237 235 234 235 234 232 234 235 237 235 236 235 236 237 238 237 239 237 235 234 232 230 229 228 226
517 513 512 511 510 513 511 509 512 515 517 522 517 518 519 517 514 513 510 513 517 518 513 514 515 519 520 516 517 522
297 298 301 298 297 299 301 300 301 299 302 303 305 306 303 302 304 306 308 311 310 311 312 310 309 307 308 311 312 313
574 572 574 577 578 580 578 577 578 577 580 581 584 589 610 608 609 582 580 584 588 606 607 617 611 615 616 619 616 610
71 73 70 72 75 77 80 82 85 86 88 86 88 92 90 94 91 88 92 89 90 89 88 91 92 94 93 90 89 86
340 139 137 164 169 142 161 167 164 167 165 163 166 171 173 170 168 171 170 169 171 174 172 169 166 161 162 145 161 165
130 127 157 155 157 155 159 156 153 128 131 129 157 160 161 165 166 162 153 148 151 148 152 151 155 157 152 150 144 147
573 572 575 574 571 569 567 566 561 566 548 551 569 567 564 562 564 565 567 569 567 568 565 567 570 569 551 569 571 573
641 636 633 632 634 633 631 628 624 629 625 628 632 630 627 629 634 631 635 640 639 643 640 636 641 643 639 640 635 639
529 526 525 526 530 532 533 535 383 382 536 382 539 537 538 536 381 534 535 383 537 381 534 535 383 382 538 540 542 543
534 533 530 533 530 525 528 523 527 523 525 522 519 516 520 517 513 512 510 513 512 515 519 520 518 522 524 520 521 523
66 68 69 72 71 68 67 64 61 60 59 60 58 60 57 55 53 55 54 52 53 51 50 51 49 52 55 51 48 51
582 609 588 591 597 591 592 610 608 605 609 612 608 611 612 615 607 606 582 589 592 587 588 585 590 621 619 617 607 611
635 639 641 642 641 638 636 638 636 632 636 638 642 644 643 644 642 643 642 643 639 638 642 641 643 639 643 639 637 639
138 134 135 134 130 133 134 132 129 158 156 158 163 158 159 163 165 170 172 170 168 142 137 140 340 342 343 344 347 344
171 172 175 173 175 178 176 178 176 177 174 173 170 165 161 160 164 162 167 165 166 163 165 141 165 145 164 169 172 175
170 168 170 174 176 178 177 179 180 179 177 175 177 175 174 175 172 175 177 175 176 178 181 180 181 182 181 183 182 180
311 312 314 312 313 314 312 311 312 313 314 312 314 313 315 317 315 317 319 317 315 317 315 314 315 314 315 314 312 313
473 475 474 475 472 467 466 464 468 474 475 472 474 472 474 468 474 469 475 473 474 476 475 476 475 463 458 462 465 475
480 478 475 472 470 471 472 474 479 480 484 486 484 487 484 479 480 483 478 483 482 477 478 481 484 480 476 480 478 468
235 233 231 232 231 232 231 232 234 236 235 233 234 233 231 232 234 232 230 229 228 227 226 224 226 224 226 224 225 223
518 523 522 517 522 521 517 514 511 509 507 510 512 510 508 509 512 509 512 513 510 509 507 510 507 506 505 507 505 504
399 401 398 400 401 403 406 404 407 409 407 408 410 407 405 407 404 407 404 407 406 407 409 407 410 407 405 407 409 411
530 532 534 536 534 531 532 530 531 526 524 520 518 520 518 522 523 518 523 526 527 524 529 524 523 525 523 522 527 528
37 38 35 36 33 35 34 33 31 29 32 31 30 31 33 35 38 41 39 42 40 38 35 37 40 41 38 37 39 38
185 184 186 189 190 193 194 193 190 189 191 189 186 184 182 181 184 182 184 185 184 186 185 187 186 185 184 182 180 182
624 622 590 586 590 588 593 592 589 592 622 589 606 605 603 607 615 607 605 608 612 580 583 582 588 586 590 587 588 594
212 211 212 214 215 218 215 213 212 211 210 208 210 211 213 212 214 213 212 214 215 212 213 212 214 212 213 214 211 210
247 248 247 246 248 246 248 250 252 253 255 256 254 251 253 255 256 258 256 255 252 251 254 256 258 257 256 255 254 251
63 66 64 63 61 64 65 64 61 64 67 66 69 67 65 62 61 63 64 61 59 56 52 50 49 52 53 56 55 51
543 542 545 547 544 546 548 550 547 544 545 548 558 554 549 547 548 554 557 555 557 558 559 546 561 546 548 554 548 552
288 289 291 290 291 293 295 294 296 297 298 296 298 300 299 301 298 296 299 297 295 296 294 293 292 290 287 288 289 287
38 41 40 43 47 44 46 44 47 44 43 40 39 42 39 37 34 36 35 34 33 35 33 32 34 37 38 39 42 43
203 206 207 205 208 209 208 206 205 204 201 202 200 201 203 201 199 200 203 202 199 200 198 195 196 197 200 201 202 205
309 308 311 312 313 315 314 312 313 311 308 307 306 303 302 299 298 296 299 302 301 303 302 303 301 298 299 297 295 298
211 213 211 210 209 210 211 214 213 212 214 215 216 217 218 216 215 218 216 217 219 217 219 217 215 214 211 212 214 211
299 300 298 297 300 298 301 298 301 303 304 305 304 305 307 309 311 310 308 311 313 315 316 318 316 317 315 313 312 314
100 101 105 104 102 101 98 101 97 93 91 94 93 89 87 92 94 95 91 89 93 95 98 95 93 91 93 95 93 97
482 485 482 485 482 484 480 484 487 486 483 485 484 481 480 484 479 482 477 473 478 468 472 469 468 475 463 464 467 469
330 332 331 332 331 334 332 331 332 330 329 327 325 323 322 320 318 317 316 315 314 316 318 316 314 316 315 317 318 319
217 218 219 218 215 213 216 214 216 215 214 213 211 210 212 215 214 211 210 209 208 207 208 207 208 210 211 210 209 207
539 540 539 541 543 542 540 539 540 539 541 539 537 535 537 383 538 383 536 538 537 381 537 539 384 535 537 536 537 384
332 335 336 139 336 335 334 338 334 337 334 333 335 334 335 337 139 136 340 336 338 340 140 141 137 139 140 143 148 144
112 110 111 113 108 111 107 110 113 118 112 110 115 119 114 115 114 112 109 108 110 107 108 109 113 111 110 111 113 110
139 135 130 158 153 157 160 159 160 164 145 161 165 164 161 166 142 148 147 144 148 154 153 152 347 148 154 158 152 151
509 510 511 512 513 514 512 515 519 522 520 525 524 523 520 516 513 511 513 517 514 513 518 521 518 520 517 520 525 523
644 641 639 641 639 642 641 643 641 642 641 639 638 634 630 634 633 628 627 629 630 629 626 631 633 628 632 628 633 628
184 186 185 183 181 183 182 181 183 181 178 180 179 181 180 181 180 178 180 182 181 184 182 181 179 177 175 173 174 175
300 301 303 305 303 301 298 297 300 302 304 306 308 309 311 313 315 314 315 313 314 312 314 312 311 308 310 308 306 308
533 535 533 535 384 383 535 533 530 533 534 533 530 532 527 526 528 529 533 532 531 533 531 529 528 532 530 529 531 530
632 630 633 630 625 622 624 630 633 630 625 629 632 633 630 627 623 624 626 627 624 622 623 624 621 622 627 629 623 621
59 57 59 61 63 66 69 72 75 72 69 67 66 63 62 64 62 63 66 63 65 66 67 70 69 67 65 62 59 57
544 547 549 568 566 548 566 562 559 548 557 556 553 554 548 550 552 557 547 549 566 561 558 556 555 557 548 553 552 549
194 196 193 191 189 188 190 189 192 189 190 188 189 188 191 192 193 192 194 195 194 195 194 193 191 190 188 190 191 189
411 409 412 410 412 414 415 414 412 415 416 418 419 421 422 424 425 426 424 422 420 417 418 417 415 414 416 417 416 414
532 533 535 536 383 538 540 542 541 543 545 543 541 542 541 542 539 541 544 545 561 560 565 563 562 566 548 558 555 556
113 111 113 115 113 112 115 117 115 111 107 110 111 106 111 115 120 126 121 116 115 109 114 115 111 110 106 108 111 108
126 123 124 129 124 127 126 128 127 131 124 120 121 118 120 123 122 120 121 120 117 116 120 125 126 121 118 116 117 113
565 567 568 571 569 567 570 567 565 563 564 560 566 569 572 571 574 575 578 581 580 579 613 610 588 582 583 589 592 593
118 121 117 123 119 113 109 110 106 111 107 106 105 104 103 101 100 103 101 99 101 100 103 105 107 105 106 108 113 108
186 188 191 190 191 189 187 188 191 192 190 187 185 187 186 189 187 185 183 182 181 179 181 179 181 184 186 187 189 186
165 145 164 162 163 165 160 164 163 166 168 143 144 142 144 150 145 143 149 129 153 149 146 161 166 146 142 139 337 342
198 200 203 205 208 210 213 214 215 218 220 217 216 218 217 220 217 218 217 219 220 218 220 222 224 226 227 229 228 227
525 529 528 523 526 525 523 526 527 531 527 529 531 529 530 529 524 520 524 528 523 527 532 528 523 520 521 525 526 525
31 34 35 37 40 41 43 46 45 47 43 41 44 48 50 48 44 48 49 46 48 49 50 51 50 54 55 57 58 56
168 172 170 169 142 144 148 344 346 351 347 342 337 334 335 339 338 339 139 138 139 340 344 343 339 139 336 333 336 339
388 385 383 538 537 381 383 535 534 531 533 529 533 531 534 383 381 537 381 537 383 538 540 542 545 544 541 544 562 564
254 255 252 255 254 252 255 253 256 254 255 256 253 256 254 251 252 250 252 253 252 253 254 256 254 251 254 252 253 251
296 297 296 298 295 294 296 298 296 298 297 299 302 301 300 301 302 301 299 298 297 298 295 292 293 294 293 292 293 294
137 135 138 140 143 142 141 145 161 166 146 169 142 165 146 147 143 140 139 135 132 121 116 112 117 115 116 121 118 123
630 624 629 633 638 639 635 638 640 637 633 638 633 638 633 628 632 629 632 627 631 632 626 629 631 635 639 640 636 638
413 415 413 410 407 406 404 406 405 402 403 404 401 398 400 398 399 400 403 402 405 406 409 411 412 410 411 413 411 413
229 230 233 235 236 238 237 238 236 234 232 230 229 230 233 230 231 232 231 229 230 229 230 228 229 228 230 233 232 230
556 548 556 558 548 550 549 548 551 550 554 550 553 548 552 548 550 554 553 554 551 550 553 550 549 552 550 548 556 548
82 84 80 77 78 81 80 81 84 82 84 82 79 81 78 81 84 80 77 76 77 75 74 71 69 67 65 64 62 64
231 232 233 235 237 238 237 238 239 237 239 240 242 243 244 242 241 239 237 236 238 239 240 241 243 244 242 244 245 247
476 479 478 481 476 478 477 474 476 479 483 478 479 483 482 477 473 469 474 473 471 466 470 466 463 461 463 466 467 471
28 30 32 29 26 25 24 22 23 25 27 29 32 33 32 30 27 24 22 20 18 15 18 20 18 20 17 18 21 20
29 26 27 29 32 30 28 25 24 23 25 27 25 27 24 27 30 28 31 29 31 33 34 33 32 34 33 32 33 36
222 224 223 222 224 225 226 228 229 228 230 228 229 228 227 228 226 228 227 225 223 225 223 221 222 221 223 225 224 222
551 554 551 554 549 547 544 547 545 561 564 566 569 568 565 561 560 547 545 559 548 549 551 550 547 548 549 546 561 545
633 631 626 624 586 582 584 586 585 580 577 580 581 585 587 589 586 582 584 583 613 583 582 580 581 580 578 575 577 575
191 189 187 189 192 193 194 197 194 195 192 189 191 188 187 189 191 193 191 188 187 188 187 189 190 187 186 188 186 188
161 137 141 139 337 139 137 136 339 139 136 161 167 161 167 142 147 151 145 143 145 142 164 168 143 148 146 164 165 167
354 358 359 364 366 368 369 370 372 370 372 370 366 362 365 361 363 365 362 360 355 360 361 358 363 361 360 356 352 358
57 56 60 56 57 60 58 56 53 51 48 49 48 50 53 54 50 53 50 51 54 57 56 57 56 59 56 55 57 59
110 116 117 118 114 117 119 117 115 121 118 115 111 108 106 109 108 109 108 105 102 100 97 94 92 96 97 99 101 102
149 148 145 140 141 145 151 350 356 354 358 363 358 362 361 363 361 359 354 350 349 350 151 149 153 150 152 158 153 159
214 215 212 210 212 211 213 212 214 216 218 215 214 215 217 218 216 214 211 209 208 209 208 206 204 203 202 203 200 201
336 337 338 343 133 130 136 140 141 140 142 147 146 147 151 147 143 147 149 147 146 162 146 152 130 137 134 132 125 131
472 474 477 476 480 477 479 476 479 482 483 480 475 476 474 476 475 468 467 470 466 470 469 467 465 469 466 465 461 460
106 105 104 106 108 110 106 104 105 110 113 119 121 123 122 121 116 122 116 120 114 109 110 113 118 116 113 111 110 113
313 312 311 308 306 305 304 305 307 305 303 305 307 306 304 302 300 302 299 301 299 298 295 293 290 287 286 285 288 286
414 413 414 413 410 408 411 413 415 413 410 409 412 409 406 404 407 410 407 406 403 404 403 406 404 402 405 407 409 408
322 324 321 322 325 328 331 334 333 332 335 333 332 329 326 327 324 322 325 326 328 326 327 324 323 320 319 320 322 323
463 464 462 460 457 452 457 459 458 454 455 452 449 448 445 444 445 446 449 453 449 448 446 444 446 444 442 440 441 443
546 548 546 560 561 559 562 561 559 557 558 557 554 558 548 552 551 548 554 555 554 555 553 557 558 548 559 545 546 561
248 246 244 242 244 245 246 248 246 244 245 247 249 251 252 253 254 251 252 255 256 258 257 259 257 255 253 254 253 252
49 48 46 47 45 42 41 40 37 38 37 35 36 38 39 36 39 41 42 40 37 40 41 39 42 47 43 41 42 39
591 589 620 589 591 589 595 597 591 622 587 584 583 581 580 609 611 605 604 602 600 603 592 589 593 587 586 584 588 582
218 216 215 217 215 214 215 212 211 213 215 213 215 216 214 211 213 216 215 214 211 214 212 211 214 215 213 211 213 212
274 273 275 274 273 271 272 275 272 274 273 275 272 271 274 273 274 273 274 275 276 273 272 273 272 273 271 269 270 269
109 108 109 108 109 111 109 106 109 112 116 113 116 121 131 136 343 342 337 340 341 344 345 350 345 340 342 341 342 337
178 180 179 177 176 178 175 178 180 179 177 175 172 169 167 165 167 168 171 168 169 168 170 166 164 161 136 138 142 145
167 163 158 149 144 149 152 150 146 161 162 146 149 146 164 146 161 146 161 142 144 143 148 144 165 142 144 140 148 147
435 434 436 437 439 437 436 439 441 439 436 439 440 441 440 442 441 442 443 446 447 445 446 447 445 443 444 445 446 449
519 520 522 525 524 520 525 524 521 519 521 518 517 514 515 514 516 520 518 519 516 515 517 516 514 513 510 509 506 505
115 110 115 117 115 114 112 117 113 109 107 110 112 118 117 112 113 115 111 114 120 121 125 127 157 149 155 150 145 137
56 60 57 55 57 60 59 56 57 60 57 55 53 51 53 54 52 54 55 51 54 57 59 62 61 62 63 61 64 67
337 343 340 337 339 342 345 343 346 342 343 133 339 340 336 334 331 333 335 337 140 144 140 144 140 136 340 343 133 135
15 13 15 17 15 18 21 23 22 18 21 22 18 17 14 17 18 20 19 21 22 18 20 19 22 25 28 27 25 28
566 565 564 561 546 560 566 565 562 563 562 564 560 557 555 552 548 566 567 569 566 562 545 542 543 544 543 541 543 562
441 443 445 448 446 448 450 449 453 455 457 455 457 458 461 457 456 454 452 449 453 451 450 451 454 457 461 465 478 468
401 402 400 397 398 400 399 401 400 398 401 402 400 399 401 399 401 400 401 400 402 404 403 400 403 401 399 400 398 397
182 184 181 183 182 184 186 189 188 189 190 188 190 192 195 196 194 197 195 197 196 193 195 198 199 198 196 194 192 191
585 580 584 582 588 606 611 616 614 610 620 592 600 596 599 595 597 591 622 594 588 583 582 579 576 574 576 574 575 578
394 391 390 392 393 396 394 391 393 394 397 399 402 404 403 405 402 399 398 397 399 401 399 397 398 401 404 407 406 408
32 31 33 30 32 35 32 35 32 29 26 24 23 19 18 19 20 22 17 15 17 15 12 10 7 6 8 10 13 15
371 373 375 374 373 371 368 366 361 365 363 359 353 357 352 347 352 347 345 348 353 352 358 363 359 358 355 357 359 354
227 229 230 232 234 236 238 237 238 237 235 234 232 230 228 230 231 233 230 232 233 231 230 232 233 234 236 237 239 237
479 484 479 477 476 480 477 476 479 458 455 451 453 452 449 448 447 449 446 444 446 448 445 447 446 448 445 444 445 448
317 315 317 319 322 320 318 317 318 317 316 317 316 317 319 322 320 319 318 320 322 325 324 322 323 326 327 330 328 331
206 204 202 200 198 200 198 195 197 195 192 189 188 190 192 195 196 197 200 197 198 201 203 204 201 198 195 193 194 195
382 384 536 381 537 536 535 534 532 527 522 519 523 527 529 526 525 523 526 524 523 527 523 522 520 519 523 518 522 523
141 145 162 160 156 160 161 145 147 150 148 150 155 157 159 164 169 146 143 147 146 152 149 151 145 141 165 142 166 146
221 223 221 220 219 221 223 222 220 217 215 216 215 216 215 213 214 211 213 214 216 215 212 211 209 207 209 210 211 212
223 225 226 224 226 225 227 225 227 225 224 226 224 225 227 226 228 230 231 233 234 233 231 233 234 236 237 235 236 237
461 460 462 463 465 462 464 468 478 479 484 485 487 489 486 485 483 482 477 474 476 479 482 480 478 474 475 480 475 468
44 41 42 39 38 39 38 40 39 41 44 41 43 45 42 44 45 42 40 39 41 39 36 33 34 37 38 39 42 41
88 85 84 86 88 90 93 97 96 95 94 95 99 102 105 104 101 105 101 102 103 105 103 104 102 105 101 102 104 103
575 576 579 584 586 582 606 605 608 604 608 609 614 617 619 616 615 618 619 618 616 611 607 617 616 615 607 603 602 599
618 619 621 616 607 616 610 611 609 611 617 618 617 615 609 612 608 604 602 604 607 603 600 596 594 588 610 583 587 590
457 456 455 451 456 453 455 451 453 457 454 453 450 453 457 455 453 456 459 458 454 451 452 453 451 448 446 445 448 451
244 245 244 245 247 246 244 245 243 244 242 240 238 239 241 239 237 238 236 234 236 235 233 232 231 230 229 231 230 232
615 619 618 619 615 612 579 583 609 612 580 581 584 582 583 580 582 581 584 586 585 589 592 610 589 582 579 580 583 578
151 146 144 145 138 134 138 140 135 136 343 136 141 142 138 134 138 141 136 132 131 123 118 114 120 126 121 123 131 128
101 104 102 98 97 93 92 93 90 91 90 91 95 96 98 100 98 100 98 96 100 102 104 105 102 101 104 100 96 93
440 438 437 435 434 436 434 432 430 429 427 428 430 432 431 433 432 431 429 428 427 428 427 425 427 426 424 423 422 424
526 525 521 519 524 529 528 524 523 520 519 521 525 530 526 528 530 529 530 526 531 527 530 533 534 531 530 528 531 534
153 159 155 159 153 162 149 143 149 130 128 123 120 123 122 120 125 130 127 124 123 124 126 120 115 118 124 119 117 120
412 411 413 414 416 418 420 419 417 415 417 418 416 415 417 415 412 414 416 417 419 421 422 421 423 424 425 426 425 426
134 138 134 138 137 160 164 137 139 336 341 338 342 345 346 344 339 136 131 130 135 139 339 338 341 346 343 133 130 152
319 320 323 325 322 319 318 316 314 313 315 316 314 313 314 313 314 316 318 317 315 314 313 311 312 313 312 311 313 311
593 602 599 595 603 605 588 592 606 612 615 607 615 612 610 611 617 592 617 607 611 607 606 609 605 610 608 611 613 615
502 500 497 495 498 497 500 501 500 504 502 499 501 502 499 496 499 498 496 499 503 506 509 510 507 506 509 506 507 504
289 287 290 287 286 285 283 282 283 286 285 283 280 279 281 282 284 285 284 286 283 286 285 287 288 287 289 288 289 291
622 591 589 610 592 591 593 597 591 597 592 594 589 592 595 597 593 587 589 592 620 617 596 599 596 595 596 593 622 623
80 81 82 80 84 81 82 85 83 82 85 87 90 93 94 92 95 96 94 93 95 94 97 102 99 95 98 95 96 94
353 358 354 358 360 358 354 355 351 354 351 349 343 345 344 339 338 335 336 339 336 335 334 331 329 331 334 336 335 339
105 106 108 111 113 115 110 107 111 117 119 114 111 117 123 121 116 112 115 114 118 112 111 114 111 113 108 110 108 111
125 121 124 121 118 113 119 121 116 111 114 111 113 109 115 118 114 120 114 115 109 112 109 111 110 109 112 115 109 111
65 63 64 67 70 67 70 72 73 72 73 76 79 80 84 85 83 85 82 81 79 76 75 74 72 70 72 71 70 73
157 153 130 158 153 130 131 134 137 164 145 149 152 146 161 164 137 130 128 157 159 156 154 155 154 152 154 151 350 346
35 38 36 38 41 42 46 48 50 53 55 58 55 53 56 60 58 56 54 50 49 48 50 52 51 54 55 52 53 51
104 105 101 104 107 112 111 114 116 117 111 113 108 110 112 118 121 115 110 116 119 118 122 120 115 114 120 119 117 111
352 353 351 352 354 352 355 349 351 354 359 355 353 348 352 354 359 363 366 361 358 362 363 359 358 359 357 353 358 352
383 381 379 380 378 377 378 376 374 373 371 369 368 369 372 373 370 372 370 368 366 365 364 359 353 358 355 360 361 358
510 509 511 512 515 512 511 509 510 508 509 508 511 512 513 515 519 524 519 515 512 514 518 515 512 514 517 518 513 518
611 605 604 608 614 615 609 582 588 606 610 609 610 604 607 592 603 602 599 597 594 597 596 602 605 608 614 608 604 606
175 178 177 175 172 169 165 161 157 161 164 166 163 158 155 150 151 150 145 142 143 169 170 172 174 173 169 164 159 157
272 273 271 272 273 274 273 274 276 277 275 278 275 272 275 274 275 276 275 276 274 272 270 268 266 268 266 265 263 261
396 397 399 400 399 402 403 404 403 400 401 398 401 402 405 404 407 408 410 408 411 410 409 407 409 408 411 412 410 413
270 272 271 273 275 277 278 275 273 276 275 276 273 276 277 274 272 270 268 267 268 270 272 275 273 276 273 276 277 279
458 454 453 454 456 459 458 454 457 452 449 450 453 456 451 449 453 458 463 466 467 464 468 466 469 466 467 473 474 475
202 200 197 195 197 194 195 192 190 189 187 189 186 187 185 184 182 181 184 182 181 180 181 184 185 183 182 183 182 184
459 455 456 458 455 460 459 455 459 454 452 449 446 447 449 451 448 449 452 449 448 451 454 455 452 455 454 456 455 453
625 627 623 586 587 592 593 620 621 624 590 589 617 619 615 607 609 604 607 610 612 606 602 599 601 599 597 599 602 601
639 638 639 642 644 640 636 641 639 641 637 640 636 632 635 639 635 630 629 632 627 631 634 638 637 635 638 642 641 637
278 276 278 279 281 284 285 287 285 283 282 283 286 283 280 281 279 280 278 280 278 275 276 278 275 277 278 275 274 273
495 498 499 501 502 498 495 494 495 496 497 498 499 501 498 497 494 496 495 492 491 488 490 487 490 489 490 492 493 495
418 420 418 416 415 417 420 421 423 424 426 425 426 425 426 425 424 426 427 428 426 427 429 431 433 435 434 435 437 439
90 94 97 101 100 104 105 106 103 100 101 102 103 104 106 108 107 109 107 111 117 122 127 131 126 128 122 116 114 112
238 239 241 242 240 239 240 242 241 242 244 243 241 243 245 246 245 243 242 243 244 246 244 246 245 244 242 241 243 245
341 343 337 341 337 343 345 342 347 350 344 348 351 350 151 150 147 146 150 149 154 148 142 143 141 143 144 149 156 162
18 17 19 17 15 13 10 13 15 13 15 16 13 15 12 15 13 12 13 15 16 15 14 16 18 16 19 17 15 12
20 19 20 19 22 17 15 17 19 21 19 23 19 23 24 26 25 28 30 28 31 29 32 33 30 32 31 30 27 25
342 345 348 343 136 139 336 335 334 337 343 347 345 347 152 128 124 118 120 114 116 117 120 124 123 127 125 130 137 160
497 499 502 503 504 501 500 501 503 505 502 500 499 500 503 506 505 504 507 506 508 511 514 515 518 516 519 515 519 523
268 269 268 266 268 267 265 263 261 260 261 260 258 256 254 251 254 251 252 255 256 255 253 254 255 253 255 253 256 255
339 336 339 337 339 340 336 338 335 339 341 340 336 339 338 342 345 349 344 346 347 343 344 348 344 339 341 340 139 135
199 200 199 198 199 198 199 197 200 202 200 197 200 197 198 200 197 196 194 196 195 197 199 198 200 201 204 202 199 202
145 141 143 146 161 163 162 163 167 166 163 162 153 162 156 157 153 156 155 158 154 157 159 156 158 162 167 168 172 170
552 550 551 550 552 554 552 556 553 552 549 550 553 556 554 552 550 548 549 546 548 545 544 545 542 540 542 544 562 545
583 612 610 606 603 600 603 595 596 593 621 623 590 596 592 610 615 610 608 614 611 605 588 606 612 580 612 611 615 613
41 39 36 38 40 43 46 42 44 41 39 41 39 36 34 37 36 38 41 39 38 37 40 41 39 38 41 42 45 46
409 408 406 403 402 400 401 398 399 396 399 400 399 396 393 394 393 391 390 388 385 383 536 535 534 382 534 536 382 538
253 255 257 255 256 257 259 258 256 255 252 250 251 252 254 253 254 256 254 255 252 253 254 252 255 254 252 253 252 253
568 571 569 571 574 576 575 571 570 572 574 572 570 573 571 568 570 571 568 549 552 548 559 562 559 561 545 544 547 545
504 500 499 496 499 496 497 499 496 499 496 495 493 494 493 492 494 497 500 497 495 498 496 498 497 494 497 494 492 491
614 611 613 615 612 577 578 580 578 581 584 583 610 604 605 604 607 617 616 617 619 618 616 617 589 595 596 600 598 596
169 165 170 172 175 172 173 169 146 164 142 144 140 138 140 139 340 337 340 139 142 137 134 138 139 145 164 165 145 164
261 260 259 261 260 262 263 264 263 262 260 262 261 259 258 256 255 257 256 253 254 253 251 250 251 249 250 248 246 245
395 398 397 394 391 393 395 393 391 388 385 388 387 390 392 390 393 396 393 394 393 396 399 397 395 393 391 392 390 393
424 426 427 428 426 425 423 422 421 422 421 422 420 419 421 422 424 423 424 423 422 424 425 423 421 422 421 419 421 422
25 23 21 22 20 18 17 20 21 23 21 23 26 27 26 23 20 17 14 12 14 15 13 15 12 15 13 10 9 8
200 197 195 196 195 194 197 194 197 200 199 201 203 205 206 203 202 204 205 204 207 204 203 202 204 201 199 200 197 195
370 366 361 359 358 361 357 359 362 363 359 354 351 151 150 154 157 158 161 136 134 138 140 337 341 339 345 347 351 349
578 575 574 577 612 611 614 613 616 617 593 590 622 626 625 624 590 593 596 591 597 596 601 598 594 595 596 597 591 622
545 562 546 559 545 548 557 552 555 552 551 552 549 554 552 556 548 558 561 562 559 547 560 548 556 555 553 554 550 547
142 168 163 168 165 162 157 159 164 159 161 162 163 168 167 164 168 165 167 163 159 164 159 158 163 165 137 134 137 141
584 587 583 581 580 585 583 609 610 592 587 591 622 591 594 596 597 593 621 593 602 591 589 621 617 607 612 579 584 582
538 537 382 384 536 534 531 528 524 525 528 530 525 521 519 520 521 516 520 516 521 523 519 523 527 529 532 533 530 532
213 216 214 212 210 213 210 211 213 210 209 207 208 210 211 214 211 209 207 208 210 208 209 207 209 207 209 208 205 202
220 222 220 222 220 217 218 217 218 217 220 218 217 220 218 220 222 220 219 218 220 217 216 214 213 216 214 212 210 211
62 60 59 57 56 52 56 59 58 55 51 53 52 50 48 49 48 47 44 47 43 45 46 42 45 47 50 54 51 54
471 474 479 474 475 478 482 484 482 480 484 483 479 475 479 475 465 462 466 467 466 462 460 455 454 458 459 462 458 462
503 505 502 498 496 499 498 500 503 507 508 511 509 510 508 511 514 517 515 512 510 508 505 506 505 503 504 507 505 506
617 589 586 589 595 600 594 596 598 596 594 589 583 613 616 611 614 609 606 611 605 604 608 609 607 617 589 595 597 596
250 248 249 248 249 248 246 247 246 245 244 246 247 246 248 249 248 246 245 244 242 243 245 243 245 244 245 247 245 247
594 599 594 588 583 581 584 582 586 622 592 606 602 596 591 590 621 624 621 590 624 622 589 583 580 609 607 609 613 616
627 632 627 624 630 634 633 631 633 630 624 630 625 628 629 628 629 624 627 630 627 622 588 589 590 585 588 586 584 583
264 263 264 263 264 263 264 263 262 264 263 264 266 267 268 270 272 275 277 274 276 274 271 272 271 270 268 269 270 272
442 444 442 441 443 445 444 445 447 446 449 450 448 450 448 451 449 446 448 445 447 449 446 449 447 446 444 442 440 438
444 442 440 442 441 439 438 436 434 433 431 433 431 429 428 427 429 428 429 427 429 428 427 426 424 422 421 420 421 420
6 5 6 8 10 9 11 13 11 9 8 6 7 9 7 9 11 9 11 10 12 13 11 9 10 7 10 9 8 10
67 68 66 65 66 68 67 68 71 70 67 64 67 69 71 69 68 69 70 69 71 73 71 69 66 69 66 63 66 65
620 592 590 624 627 628 623 626 627 626 632 634 635 633 635 640 636 637 634 633 637 633 636 641 643 639 643 641 639 635
425 426 425 423 421 423 425 427 428 426 424 422 420 421 422 421 420 421 420 419 421 423 422 421 420 417 420 421 419 421
85 88 92 91 95 91 92 93 94 95 98 101 97 96 94 95 97 96 94 97 99 103 100 99 101 105 101 97 95 94
60 59 56 55 58 59 57 55 56 55 50 49 50 53 54 52 56 54 57 56 59 58 56 58 56 53 56 55 51 50
86 88 91 87 89 88 87 89 92 87 88 87 88 85 86 87 90 87 91 93 94 97 101 104 105 106 108 110 111 107
431 430 429 431 430 428 427 428 430 432 434 432 434 436 437 435 437 439 438 440 438 439 436 434 435 436 435 434 433 434
308 307 305 303 306 308 306 308 309 308 309 310 308 309 307 308 309 310 312 313 312 311 312 314 315 316 318 317 315 316
328 331 330 332 330 332 334 335 333 330 329 332 331 333 335 337 341 344 349 351 356 355 356 353 359 364 359 364 366 361
391 392 391 392 390 393 390 393 394 393 392 391 388 387 390 393 396 399 396 395 393 394 397 394 396 398 399 402 400 402
87 90 87 86 88 86 85 84 85 88 86 88 92 95 91 93 95 96 95 98 96 99 95 92 87 84 87 89 90 88
287 285 286 284 285 286 287 286 285 287 284 283 280 282 280 282 281 283 286 283 285 287 285 287 284 282 281 283 280 278
5 8 7 10 9 7 5 7 8 6 4 2 1 3 4 5 6 5 7 4 5 4 2 0 2 1 0 1 2 0
2 0 1 3 1 2 3 1 2 0 2 4 5 8 9 11 12 11 13 14 13 14 15 12 15 17 21 23 20 18
225 223 222 221 220 218 220 217 215 216 213 211 212 215 213 211 210 208 210 209 210 209 207 206 203 201 202 204 203 204
13 11 9 7 6 4 6 8 10 13 15 13 15 17 18 20 21 18 20 18 21 17 20 17 20 17 15 17 19 23
455 452 453 454 453 455 456 457 452 451 448 445 443 442 443 445 444 443 442 443 446 443 445 443 446 447 446 443 444 443
230 232 234 233 231 232 234 233 232 231 230 233 231 229 231 229 228 227 228 229 228 229 228 227 228 229 228 229 228 226
554 552 555 554 552 555 552 555 557 559 562 563 565 561 563 564 565 563 562 559 556 559 560 564 562 565 568 571 568 567
475 469 475 478 465 461 457 455 453 451 452 449 448 447 448 445 444 443 441 442 441 439 436 439 436 439 438 440 438 440
398 396 394 393 390 391 393 394 393 395 393 396 399 398 399 402 403 400 403 400 397 395 397 400 402 403 405 407 410 409
619 621 618 621 592 610 608 606 591 602 593 617 611 608 611 615 607 608 603 607 611 612 610 583 610 592 606 591 587 593
325 327 329 331 333 331 333 336 339 342 346 342 346 344 342 341 344 148 145 149 161 142 165 162 146 145 144 148 344 349
465 475 465 469 472 474 479 477 473 469 465 469 466 468 474 476 478 479 482 483 484 480 478 475 480 483 479 476 474 473
323 324 326 325 324 327 330 329 332 334 337 343 345 343 345 349 354 353 352 349 353 355 356 359 355 349 345 346 348 352
407 409 408 406 407 405 404 405 404 407 408 411 408 410 412 413 412 413 412 410 413 412 411 409 406 405 406 403 401 399
55 50 54 56 57 58 55 57 55 56 57 58 59 57 54 55 57 59 58 55 56 55 54 53 56 57 58 55 50 55
570 571 569 571 572 569 571 575 578 577 576 577 580 583 589 586 624 590 588 592 622 627 630 632 627 626 630 627 623 622
405 403 401 402 401 402 401 404 405 408 407 408 409 408 406 407 409 408 407 410 411 408 407 410 408 407 406 403 404 406
638 634 629 625 627 631 626 623 626 624 627 622 587 584 579 582 588 605 588 585 586 587 584 588 593 620 589 587 592 594
107 104 99 101 100 104 107 104 103 106 103 101 105 107 109 115 110 106 104 106 104 100 101 103 100 103 102 103 100 104
349 350 346 347 349 344 341 345 343 339 337 140 142 146 149 153 162 146 153 158 163 167 166 143 140 337 336 340 336 337
610 604 607 609 604 602 595 592 593 622 619 615 612 611 613 616 610 609 606 612 614 611 605 608 611 605 603 602 593 602
50 49 47 50 49 47 50 49 47 49 50 49 50 53 56 58 57 54 53 52 55 51 52 54 56 55 54 55 50 51
262 260 259 260 258 259 258 256 255 256 254 252 254 256 257 256 258 259 257 255 256 255 257 255 256 257 256 257 258 260
36 37 40 39 38 39 36 34 33 35 32 33 35 32 30 28 27 28 27 29 31 34 36 34 37 39 42 39 37 34
179 180 181 179 181 180 179 180 182 181 179 180 179 181 183 184 181 178 179 180 182 184 185 183 181 184 186 189 192 189
75 77 76 75 73 75 72 73 70 69 71 73 72 74 76 77 78 75 77 76 78 77 78 80 78 76 75 74 73 71
426 428 426 427 428 426 424 423 424 422 421 420 421 423 424 422 420 418 419 418 417 419 421 419 420 421 422 421 422 424
549 566 564 561 564 560 564 565 562 543 545 561 558 559 560 548 553 549 551 552 556 548 551 550 547 560 546 549 547 559
133 132 124 122 124 131 126 125 124 129 126 123 128 152 130 149 143 144 150 152 151 155 158 162 166 167 164 146 162 167
205 203 204 207 204 203 200 203 205 206 205 206 204 203 200 202 200 199 200 202 199 200 201 203 204 201 198 200 201 203
154 149 145 150 155 151 145 138 140 145 143 142 144 165 168 171 169 173 174 173 174 175 176 173 170 173 171 169 142 148
45 43 40 37 40 39 38 40 37 38 37 36 39 36 37 40 39 42 39 42 39 38 35 38 39 40 37 39 40 42
358 359 358 359 361 359 358 363 364 368 367 369 366 362 356 361 357 353 354 355 358 361 357 353 351 355 358 354 351 151
445 446 448 445 448 445 444 445 446 448 449 447 446 449 453 450 447 449 452 454 458 460 456 454 459 462 461 464 463 462
242 243 242 244 242 240 238 236 234 232 234 232 230 229 231 230 228 229 230 233 235 236 234 232 234 232 233 230 231 233
416 414 415 416 414 412 409 407 409 407 408 410 407 408 405 407 404 406 404 405 407 410 408 411 413 415 416 418 416 417
607 609 615 614 615 609 610 608 605 607 604 609 608 611 616 615 612 610 617 620 623 628 625 629 634 635 636 633 629 624
183 182 183 181 182 180 181 179 180 178 176 177 175 178 179 177 175 177 174 171 167 165 145 138 140 137 141 136 140 136
422 424 426 425 426 428 430 431 433 432 434 433 431 432 434 436 435 434 436 439 438 440 441 440 441 443 441 443 444 446
596 594 591 594 591 622 590 594 599 598 601 596 600 599 601 595 596 600 595 597 596 602 595 602 595 594 589 585 589 588
108 110 114 109 115 119 124 120 126 123 117 114 110 109 113 108 111 112 117 122 123 125 132 134 135 136 145 164 165 168
148 151 149 153 150 146 151 147 146 140 136 137 134 136 134 133 134 136 343 345 340 344 341 336 333 336 337 339 342 343
540 542 545 542 544 547 548 552 556 559 545 560 565 563 565 560 565 567 565 563 561 558 559 557 556 548 560 547 560 558
61 62 65 66 68 71 68 71 68 66 67 65 62 59 57 56 60 56 52 53 51 48 49 47 45 43 44 47 48 46
564 560 559 557 554 548 546 544 562 545 546 561 558 554 550 548 553 554 556 552 554 552 553 552 549 550 549 548 546 544
47 50 51 49 50 55 53 52 55 58 60 56 58 57 58 56 58 55 53 56 52 54 51 55 58 55 56 53 51 54
486 485 487 489 490 488 489 492 489 488 491 488 485 488 487 484 487 484 481 477 482 481 478 483 484 481 477 479 474 473
410 413 415 416 414 416 415 412 410 412 409 408 411 413 415 413 412 413 410 408 405 404 405 407 404 405 407 405 406 407
276 274 273 272 273 276 274 271 270 269 270 269 271 270 269 268 266 268 270 268 270 272 275 273 274 272 274 277 279 281
485 484 480 479 476 475 478 465 469 465 461 460 462 466 465 475 472 471 474 478 462 478 482 485 484 481 476 474 475 463
97 101 98 96 93 89 92 88 86 88 86 85 88 87 88 90 87 85 86 89 88 92 89 93 97 100 97 100 103 99
374 375 373 370 367 363 360 358 357 358 359 355 360 363 359 363 357 361 357 354 351 354 355 359 361 365 364 361 364 362
281 279 280 281 279 281 279 281 279 281 279 277 275 277 276 277 275 274 272 271 274 277 275 277 274 276 274 271 274 271
48 46 48 47 42 39 41 43 44 45 43 47 43 41 44 46 49 47 50 51 55 50 47 49 52 50 53 50 51 55
128 126 122 118 115 117 122 124 131 125 123 128 133 343 347 350 151 147 143 144 165 167 164 145 148 140 137 142 140 148
207 208 205 206 208 209 207 209 207 209 208 207 204 202 204 207 208 207 205 204 202 204 205 207 204 202 201 198 197 199
521 518 521 518 513 514 511 509 511 508 505 507 503 506 509 508 506 509 510 508 505 507 506 504 503 502 501 502 505 504
233 235 236 238 239 240 242 244 245 244 243 244 246 248 247 246 247 249 250 252 250 249 247 246 248 250 248 249 250 252
560 566 565 562 560 565 568 565 561 562 545 547 560 565 564 560 547 545 548 549 566 562 564 566 567 568 549 552 553 554
210 212 215 212 215 213 211 210 212 211 213 215 217 219 221 219 217 216 214 215 212 213 211 214 212 211 210 212 214 216
537 535 382 534 536 382 538 382 536 382 539 384 385 384 383 536 535 382 380 381 379 381 534 531 529 532 530 526 529 533
642 643 642 643 644 641 638 637 636 641 642 643 640 643 639 643 644 641 636 633 628 627 631 635 630 628 630 625 629 633
468 471 469 470 469 465 464 460 459 454 457 461 463 462 478 477 482 483 480 475 462 468 478 476 477 481 484 482 479 462
448 445 447 445 447 446 445 447 448 449 451 456 454 453 456 453 454 458 454 452 450 454 450 453 457 458 460 464 465 478
392 395 392 390 391 390 392 393 396 399 397 400 398 400 398 397 400 398 401 398 395 398 401 404 407 406 407 405 404 401
604 602 601 600 603 608 611 614 615 609 582 580 578 583 587 593 589 623 627 626 622 592 602 605 606 610 605 588 594 590
377 379 381 534 382 380 379 377 379 380 378 379 377 379 377 378 377 375 376 377 375 377 375 376 374 371 368 365 368 369
493 490 487 485 484 479 474 475 468 475 477 482 478 482 477 476 475 479 481 480 479 474 476 475 476 474 469 473 469 468
478 477 478 473 478 462 478 477 482 478 465 462 479 474 476 481 480 475 473 477 481 477 480 479 477 474 476 478 481 479
580 578 581 579 612 607 612 614 611 606 602 591 602 595 601 598 597 592 603 608 614 610 589 587 582 581 578 580 578 577
68 70 68 67 65 67 65 63 61 59 57 59 60 58 56 58 56 58 55 54 57 58 60 57 60 58 56 52 56 57
155 153 158 149 152 129 128 122 124 123 122 124 129 152 147 145 138 137 138 134 137 142 169 143 166 161 142 169 164 161
147 144 141 142 162 164 137 164 159 155 150 154 152 154 158 130 128 152 129 125 123 128 125 122 118 122 121 126 127 131
